1.249
0.289
0.441
0.211
0.203
0.223
0.495
0.441
0.201
0.241
0.579
0.349
0.427
0.423
0.191
0.341
1.085
0.729
0.491
0.535
0.221
0.891
0.503
0.259
0.227
0.493
0.603
0.393
0.375
0.253
0.401
0.621
0.483
0.691
0.231
0.443
0.621
0.243
0.709
0.469
0.535
1.065
0.535
0.761
0.245
0.369
0.573
0.883
0.453
0.503
0.343
0.529
0.239
0.323
0.229
1.091
0.581
0.767
0.147
0.421
0.197
0.747
0.249
0.369
0.085
0.511
0.581
0.589
0.509
0.383
0.503
0.529
0.199
0.187
0.531
0.209
0.777
0.253
0.999
0.151
0.547
0.631
0.225
0.239
0.305
0.309
0.387
0.571
0.501
0.573
0.155
0.699
0.201
0.399
0.685
0.531
0.587
0.423
0.775
0.315
0.755
0.143
0.349
0.341
0.563
0.771
0.595
0.155
0.429
0.251
0.269
0.365
0.825
0.191
0.373
0.339
0.571
0.409
0.775
0.511
0.823
0.413
0.395
0.233
0.479
1.249
0.287
0.259
0.383
0.617
0.805
0.899
0.401
0.449
0.491
0.327
0.387
0.557
0.413
0.613
0.245
0.365
0.471
0.737
0.605
1.135
0.269
1.177
0.141
0.513
0.809
0.235
0.223
0.367
0.629
0.603
0.295
0.203
0.365
0.149
0.497
0.495
0.267
0.283
0.493
0.831
1.249
0.505
0.583
0.549
0.453
0.277
0.341
0.465
0.287
0.175
0.171
0.405
0.381
0.837
0.161
0.453
0.787
0.785
0.495
1.023
0.279
0.531
0.603
0.479
0.323
0.769
0.271
0.429
0.279
0.531
0.549
0.457
0.349
0.713
0.157
0.243
1.249
0.317
0.335
0.221
0.699
0.319
0.357
0.263
0.379
1.249
0.793
0.509
0.339
0.219
0.433
0.397
0.823
0.175
0.171
0.221
0.261
0.195
0.205
0.255
0.291
0.375
0.277
0.237
0.401
0.619
0.315
0.657
0.183
1.103
0.417
0.363
0.311
0.267
0.373
0.225
0.307
0.987
0.787
0.393
0.135
0.753
0.687
0.687
0.517
0.733
0.393
0.425
0.349
0.409
0.387
0.127
0.301
0.353
0.283
0.661
0.541
0.421
0.209
0.349
0.751
0.461
0.199
0.435
0.213
0.115
0.253
1.021
0.573
0.257
0.281
0.951
0.377
1.005
0.625
0.449
0.259
0.399
0.145
0.289
1.077
0.201
0.453
0.203
0.305
1.077
0.427
0.515
0.335
0.169
0.263
0.439
0.241
0.405
0.253
0.151
0.473
0.477
0.549
0.585
0.353
0.373
0.269
0.713
0.619
1.249
1.201
0.283
0.365
0.167
0.125
0.289
0.319
0.627
0.795
0.191
0.463
0.321
0.303
0.395
0.415
0.811
0.561
0.265
0.589
0.213
0.237
0.593
0.201
0.289
0.609
0.721
0.331
0.217
0.537
0.387
0.143
0.261
0.185
0.293
0.513
0.309
0.423
0.347
0.551
0.571
0.569
0.917
0.883
0.731
0.217
1.121
0.331
0.943
0.279
0.285
0.403
0.477
0.299
0.529
1.249
1.249
0.625
0.345
0.179
0.479
0.329
0.631
0.269
0.519
0.309
0.205
0.275
0.531
1.249
0.379
0.225
0.161
0.217
0.553
0.449
0.443
0.399
0.503
0.519
0.615
0.987
0.995
0.357
1.037
0.505
0.181
0.697
0.567
0.327
0.365
0.215
0.525
0.989
0.173
0.349
0.363
0.129
0.495
0.459
0.671
0.167
1.193
0.509
0.659
0.377
0.275
0.399
0.197
0.319
0.263
0.317
1.249
0.579
0.285
0.409
0.263
0.381
0.997
0.249
0.577
0.387
0.809
0.663
0.445
0.325
0.281
0.245
0.985
1.249
0.539
0.245
0.339
0.261
0.851
0.567
0.233
0.327
0.555
0.735
0.879
0.329
0.595
0.251
0.227
0.345
0.193
0.313
0.665
0.593
0.497
0.297
0.329
0.317
0.515
0.345
0.505
0.245
0.319
0.175
0.653
0.311
0.617
0.315
0.861
0.329
0.545
0.341
1.249
0.625
0.173
0.665
0.615
0.411
0.219
0.283
0.603
0.999
0.287
0.187
0.429
0.439
0.579
0.559
0.203
0.579
0.195
0.321
0.249
0.533
0.513
0.261
0.237
0.255
0.347
0.197
0.701
0.415
0.195
0.187
0.671
0.257
0.161
0.177
0.531
0.257
0.245
0.399
0.463
0.331
0.311
0.171
0.301
0.285
0.223
0.225
0.121
0.225
0.253
0.211
0.493
1.175
0.639
0.111
0.197
0.195
0.213
0.281
0.303
0.475
0.529
0.313
0.735
0.629
0.589
0.447
0.381
0.353
0.329
1.249
0.265
1.021
0.227
0.287
0.191
0.835
1.249
0.191
0.223
0.301
0.179
0.185
0.587
0.273
0.709
0.343
0.745
0.475
0.841
0.841
0.669
0.687
0.195
0.109
0.611
0.093
0.453
0.159
0.659
0.287
0.411
0.233
0.207
0.211
0.607
0.297
0.325
0.209
1.249
0.471
0.101
1.249
0.177
0.327
0.353
0.459
0.447
0.265
0.221
0.425
0.191
0.431
1.249
0.323
0.523
0.269
0.501
0.803
0.265
0.493
0.433
0.217
0.265
0.475
0.395
0.491
0.493
0.265
1.249
0.721
0.663
0.245
0.145
0.345
0.289
0.613
0.291
0.367
0.139
0.595
0.185
0.199
0.281
0.807
0.087
0.965
0.653
0.635
0.229
0.573
0.851
0.325
0.503
0.475
0.455
0.215
0.315
0.425
0.335
0.441
0.271
0.369
0.457
0.447
0.349
0.311
0.337
0.363
0.245
0.359
0.421
0.413
0.515
0.373
0.405
0.629
0.415
0.385
0.295
0.689
0.727
0.275
0.367
0.567
0.439
0.339
0.637
0.265
0.411
0.867
0.359
0.417
0.661
1.143
1.249
0.365
0.189
0.157
0.223
0.155
0.213
0.183
0.379
1.065
0.253
0.185
0.373
0.305
0.109
0.119
0.321
0.563
0.127
0.573
0.615
0.423
1.249
0.243
0.503
0.447
0.257
0.185
0.271
1.249
1.249
0.197
0.421
0.467
0.305
0.129
1.045
0.167
0.529
0.159
0.919
0.359
0.465
0.181
1.249
0.463
0.451
0.145
0.255
0.419
0.331
0.439
0.679
0.323
0.931
0.953
0.559
0.385
0.681
0.373
0.383
0.511
1.249
0.117
0.397
0.253
0.567
0.779
1.183
0.337
0.659
0.265
0.365
0.479
0.675
0.421
0.363
1.085
0.195
0.331
0.235
0.327
0.273
0.633
0.483
0.885
0.543
0.281
0.609
0.181
0.529
0.833
1.249
0.139
0.477
0.959
0.163
0.421
0.339
0.235
0.271
0.483
0.373
0.393
0.285
0.329
0.227
0.749
0.197
0.227
1.249
0.743
0.213
0.565
1.031
1.137
0.355
0.491
0.505
0.193
0.621
0.533
0.381
0.747
0.191
0.173
0.607
0.433
0.337
0.207
0.331
0.123
0.495
0.333
0.343
0.569
0.557
0.325
0.237
0.477
0.403
0.327
0.299
0.281
0.139
1.041
0.655
0.345
0.137
0.231
0.383
0.273
0.243
0.753
0.257
0.389
0.661
0.461
0.479
0.759
0.281
0.167
0.343
0.433
0.509
0.377
0.707
0.251
1.005
0.417
0.433
0.219
0.415
0.145
0.369
0.443
0.403
0.203
0.939
0.267
0.169
0.265
0.231
0.335
0.219
0.271
1.249
0.209
0.325
0.511
0.293
0.253
0.703
0.265
0.403
0.309
0.321
1.003
0.261
0.921
0.327
0.535
0.513
0.539
0.429
0.301
0.191
1.249
0.649
0.115
0.229
0.863
0.347
0.199
0.277
0.317
0.727
0.543
1.057
0.635
0.455
0.361
0.547
0.561
0.763
0.577
0.377
0.099
0.323
0.193
0.289
0.199
0.813
0.341
0.233
0.689
0.499
0.495
0.621
0.715
0.319
0.219
0.371
0.181
0.185
0.223
0.389
0.291
0.317
0.573
0.621
0.657
0.173
0.365
0.165
0.171
0.279
0.709
0.117
0.231
0.515
0.691
0.117
0.929
0.391
0.085
0.359
0.251
0.245
0.409
0.139
0.491
0.205
0.271
0.147
0.269
0.159
1.249
0.219
0.431
0.795
0.367
0.083
0.135
0.357
0.731
0.397
0.171
0.435
0.731
0.225
0.489
0.289
0.301
0.903
0.287
0.227
0.397
0.385
0.173
0.245
0.277
0.553
0.235
1.249
0.647
0.347
0.339
0.297
0.739
0.189
0.867
0.243
1.249
0.895
