0.315
0.225
0.345
0.915
0.225
0.485
0.455
0.205
0.925
0.275
0.275
0.405
0.575
0.465
0.185
0.895
0.195
0.275
0.445
0.455
0.395
0.205
0.675
0.505
0.505
0.575
0.205
1.035
0.195
0.635
0.195
0.395
0.375
0.365
0.125
0.455
0.275
0.405
0.185
0.585
0.355
0.375
0.375
0.385
0.435
0.315
0.375
0.535
0.245
0.465
0.815
0.625
0.175
0.185
0.235
0.335
0.735
0.455
0.305
0.235
0.275
0.545
0.355
0.155
0.415
0.245
0.195
0.165
0.275
0.315
0.485
0.385
0.215
0.255
1.245
0.615
0.225
0.785
0.895
0.195
0.265
0.165
0.525
0.455
0.225
0.375
0.335
0.235
0.465
0.175
0.645
0.205
0.255
0.825
0.665
0.835
0.355
0.535
0.155
0.505
0.715
0.775
0.505
0.595
0.365
0.285
0.425
1.245
0.215
0.585
0.395
0.255
0.235
0.105
0.395
0.495
0.485
0.375
1.145
0.295
1.245
0.495
0.925
0.755
0.295
0.295
0.335
0.245
0.445
0.355
0.215
0.285
0.285
1.035
0.385
0.625
0.715
0.225
0.305
0.625
0.385
1.245
0.205
0.515
0.295
0.425
0.515
0.535
1.035
0.615
0.365
0.445
0.675
0.095
0.315
0.275
0.525
0.305
0.835
0.295
0.195
1.245
0.625
0.205
0.375
0.275
1.245
0.145
0.265
0.435
0.395
0.355
0.365
0.305
0.595
0.145
0.235
0.255
0.605
0.185
0.285
0.655
0.445
0.265
0.235
0.305
0.155
0.275
0.305
0.255
0.975
0.245
0.445
0.785
1.025
1.245
0.565
0.195
0.285
0.355
0.245
0.165
0.375
0.415
0.395
0.175
0.325
0.355
0.855
0.115
0.395
0.775
0.565
0.565
0.475
0.815
0.185
0.785
0.535
0.185
0.325
0.225
0.315
1.245
0.385
0.165
0.365
0.155
0.405
0.565
0.375
0.165
0.595
0.415
0.445
0.775
0.565
0.615
0.405
0.535
0.935
0.155
0.235
0.565
0.515
0.655
0.415
0.665
0.205
0.345
0.365
0.255
0.205
0.235
0.295
0.345
0.245
0.675
0.305
1.245
0.155
0.335
0.505
0.195
0.685
0.255
0.565
0.555
0.185
0.395
0.425
1.035
0.375
0.695
0.475
0.775
0.365
0.355
0.185
0.705
0.305
0.175
0.375
0.705
1.245
0.205
0.445
0.315
0.485
0.265
0.415
0.185
0.285
0.265
0.555
0.485
1.245
0.215
0.505
0.345
0.445
0.715
0.345
0.305
0.325
0.685
0.525
0.345
0.305
0.175
0.185
0.475
0.545
0.585
0.165
1.245
0.165
0.245
0.455
0.275
0.685
0.935
0.795
0.275
0.205
0.355
0.575
0.595
0.265
0.225
0.985
0.255
0.365
0.245
0.265
0.655
0.125
0.865
0.545
0.625
0.235
0.345
0.205
0.195
0.195
0.745
1.245
0.155
0.095
0.485
0.735
0.845
0.325
0.435
0.895
0.675
0.125
0.495
0.795
0.455
0.195
0.265
0.685
0.765
0.155
0.365
0.575
1.245
0.245
0.475
0.355
0.585
0.215
0.815
0.545
0.245
0.245
0.125
0.385
0.185
0.215
0.365
0.875
0.175
0.615
0.495
0.615
0.685
1.245
0.665
0.175
0.345
0.335
0.465
0.315
0.825
0.695
0.905
0.185
0.385
0.155
0.475
0.765
0.235
0.565
0.335
0.915
0.525
0.665
0.475
0.195
0.385
0.305
0.195
0.435
0.225
1.175
0.475
0.305
0.795
0.515
0.475
0.315
0.105
0.205
0.275
0.135
0.745
0.145
0.385
0.265
0.335
0.295
1.245
0.535
0.335
0.235
0.375
0.435
0.285
0.225
0.345
0.305
0.735
0.325
0.265
0.775
0.405
0.095
0.345
0.785
0.845
0.385
0.345
1.125
0.275
0.375
0.425
0.435
0.325
1.245
0.495
0.345
1.045
0.515
0.675
0.565
0.305
0.325
0.245
0.195
0.375
0.475
0.325
0.385
0.265
0.315
0.795
0.355
0.145
0.285
0.095
0.225
0.205
0.165
0.205
0.245
0.125
0.165
1.245
0.535
0.185
0.605
0.745
0.345
0.225
0.735
0.485
0.245
0.425
0.615
0.345
0.255
0.175
0.315
1.245
0.535
0.165
0.305
0.265
0.345
0.485
0.325
0.525
0.445
0.535
0.265
0.435
0.295
0.325
0.265
0.185
0.185
0.385
0.455
0.355
0.245
0.275
0.615
0.555
0.235
0.515
0.165
0.705
0.295
0.295
0.335
0.285
0.465
0.215
0.535
0.355
0.305
1.245
0.335
0.245
0.295
0.155
0.495
0.585
0.395
0.385
0.095
0.385
1.245
0.245
0.315
0.455
0.205
0.185
0.675
0.595
0.415
0.225
0.425
0.425
0.225
0.495
0.395
0.535
0.235
0.235
0.495
0.435
0.475
0.405
0.435
0.425
0.655
0.365
0.575
0.245
0.495
0.705
0.185
0.965
0.465
0.575
0.295
0.175
0.375
0.695
0.275
0.685
0.245
0.295
0.285
0.415
0.385
0.965
0.325
0.245
0.485
0.405
0.435
0.555
0.285
0.685
0.715
0.285
0.225
0.275
0.205
0.355
0.245
0.685
0.685
0.265
0.345
0.535
0.135
0.245
0.265
0.245
0.355
0.225
0.415
0.795
0.235
0.265
0.605
0.315
0.535
1.035
0.325
0.235
0.635
0.295
0.765
0.435
0.125
0.255
0.295
0.235
0.735
0.395
0.675
0.305
0.955
1.245
0.625
1.245
0.375
0.495
0.495
0.195
0.295
0.235
0.185
0.655
0.255
0.495
0.565
0.435
0.335
0.765
0.165
0.465
0.225
0.195
0.185
0.235
0.355
0.515
0.535
0.385
0.345
0.355
0.355
0.235
0.195
0.965
0.485
0.405
0.125
0.345
0.385
0.205
1.245
0.585
1.245
0.435
0.415
0.205
0.245
0.325
0.185
0.325
0.315
0.455
0.895
0.525
1.245
0.185
0.395
0.425
0.295
0.555
1.245
0.375
0.295
0.755
0.975
0.235
0.375
0.565
0.225
0.365
0.515
0.445
0.335
0.285
0.435
0.505
0.225
0.375
0.395
0.525
0.475
0.675
0.485
0.855
0.175
0.205
0.335
0.415
0.295
0.605
1.245
0.255
0.585
0.525
0.315
0.505
0.185
0.175
0.805
0.255
0.295
0.245
0.535
0.515
0.355
0.885
1.245
0.205
0.355
0.615
0.395
0.465
0.405
1.155
0.165
0.575
0.255
0.335
0.185
0.375
1.095
0.885
0.145
0.445
0.545
0.325
0.595
0.395
0.235
0.285
0.455
0.825
0.275
0.535
0.685
0.405
0.815
0.615
0.775
0.665
0.315
0.275
0.485
0.175
1.245
0.345
0.395
0.645
0.355
0.265
0.325
1.015
0.155
0.285
0.465
0.585
0.385
0.275
0.625
0.155
0.845
0.975
0.315
0.205
1.245
0.255
0.455
0.265
0.445
0.425
0.385
0.315
0.955
0.855
0.935
0.155
0.455
0.615
0.555
0.215
0.345
0.265
0.265
0.425
0.445
0.435
0.575
0.165
0.705
0.305
0.225
0.465
0.305
0.645
0.355
0.345
0.445
0.865
0.615
0.715
0.465
0.515
0.235
0.265
0.255
0.165
0.605
0.345
0.595
0.135
0.425
0.385
0.505
0.295
0.295
0.355
0.375
0.765
0.175
0.425
0.815
0.245
0.215
0.205
0.655
0.445
0.855
0.105
0.195
0.575
0.605
0.255
0.155
0.275
0.345
0.215
1.245
0.145
0.695
0.255
0.345
0.245
0.215
1.045
0.165
0.275
0.805
0.435
0.755
0.325
0.565
0.485
0.785
0.235
0.395
0.275
1.175
0.225
0.495
0.885
0.905
0.275
0.655
0.505
0.135
0.495
0.495
0.165
0.315
0.485
0.355
1.245
0.755
0.515
0.565
0.155
0.225
0.355
0.435
0.415
1.245
0.345
0.405
0.735
0.305
0.525
0.215
0.465
0.975
0.225
0.365
0.745
0.855
0.495
0.605
0.715
0.265
0.225
0.185
0.805
0.415
0.265
0.295
0.775
0.305
0.175
0.515
0.365
0.275
0.265
0.185
0.995
0.505
0.245
0.485
0.575
0.315
0.685
0.505
0.215
0.275
0.515
1.245
0.345
0.405
0.175
0.615
0.425
0.555
0.455
0.295
0.225
0.635
0.175
0.235
0.365
0.115
0.255
0.345
0.335
0.255
0.505
0.505
0.435
0.275
0.535
0.335
0.355
0.745
0.295
0.515
0.215
