0.502
0.486
0.758
0.202
0.314
0.686
0.354
0.358
0.394
1.498
0.138
0.33
0.386
0.546
0.398
0.43
0.606
0.758
0.234
0.15
0.362
0.286
0.442
0.214
0.214
0.778
0.554
0.258
0.346
0.262
0.742
0.854
0.474
0.954
0.306
0.15
0.546
0.198
0.414
0.274
0.258
0.27
0.814
0.59
1.074
0.91
0.638
0.238
0.214
0.438
0.386
0.426
0.326
0.646
0.258
0.166
0.414
0.198
0.546
0.634
0.374
0.446
0.962
0.222
0.322
0.482
0.538
1.154
0.502
0.414
0.586
1.054
0.222
1.286
0.15
0.886
0.514
0.31
0.662
0.306
0.394
0.35
0.634
0.294
1.066
0.242
0.274
0.338
0.59
0.39
0.182
0.602
1.202
0.574
0.274
0.326
0.382
0.258
0.538
0.142
0.25
0.482
0.558
0.598
0.482
0.134
0.954
0.33
0.314
0.126
0.202
0.134
0.906
0.45
0.434
0.718
1.498
0.642
1.226
0.326
0.246
0.738
0.378
0.374
0.186
0.55
0.178
0.314
0.446
0.194
0.322
0.35
0.31
0.342
0.55
0.322
0.282
0.19
0.298
0.562
0.31
0.41
0.27
0.402
0.222
0.498
0.798
0.998
0.798
0.282
0.406
1.358
0.362
0.474
0.262
0.122
0.202
0.17
0.594
0.266
0.562
0.27
0.402
0.226
0.81
0.366
0.294
0.802
0.27
0.562
0.346
0.574
0.826
0.354
0.842
0.362
0.69
0.438
0.198
0.21
1.134
0.234
0.51
0.874
0.21
0.754
1.05
0.846
0.786
0.366
0.27
0.418
0.302
0.454
0.574
0.346
0.246
1.402
0.374
0.29
0.294
0.154
0.426
0.246
0.394
0.186
0.874
0.338
0.554
0.722
0.294
0.226
0.674
0.626
0.562
0.718
0.174
0.322
0.142
0.302
1.498
0.354
0.37
0.326
0.354
0.154
1.178
0.462
0.286
0.194
0.398
0.594
0.29
0.314
0.678
0.122
0.378
0.126
0.602
0.594
0.318
0.702
0.322
0.238
0.202
0.15
0.346
0.254
0.734
0.194
0.282
0.222
0.382
0.218
0.158
0.226
0.282
1.002
0.35
0.622
0.75
0.442
0.286
0.25
0.214
0.458
0.302
0.646
0.306
0.494
0.698
0.338
0.458
0.45
0.19
0.522
1.054
0.338
0.518
0.43
0.382
0.274
0.37
0.31
0.27
0.19
0.302
0.562
0.254
1.074
0.886
0.306
0.13
0.29
1.13
0.418
0.286
0.23
1.198
0.362
0.534
0.222
0.234
0.406
0.442
0.762
0.542
0.322
0.314
0.466
0.866
0.546
0.362
0.362
1.006
0.182
0.442
0.222
0.522
0.226
0.266
0.47
0.494
0.138
0.586
0.626
0.486
0.166
0.314
0.866
0.486
0.406
0.398
0.926
0.49
0.426
0.342
0.226
1.058
0.222
0.47
1.498
0.466
0.41
0.222
0.894
0.418
0.522
0.51
0.702
0.29
0.13
0.206
0.354
0.614
0.338
0.57
0.266
0.674
0.67
0.298
0.198
0.378
0.526
0.75
0.51
0.578
0.41
0.13
0.262
0.27
0.242
0.63
0.802
0.51
0.538
0.558
0.234
0.654
0.454
0.606
0.526
0.29
0.39
0.19
0.486
0.45
0.486
0.834
0.518
0.23
0.986
0.57
0.442
0.346
0.598
0.47
1.498
0.394
0.562
0.618
0.638
0.454
0.962
0.138
0.27
0.83
0.182
0.414
0.29
0.73
0.47
0.37
0.218
0.362
0.714
0.506
0.306
0.614
0.21
0.206
0.254
0.262
0.354
0.774
0.33
0.93
0.478
0.29
0.186
1.002
0.206
0.482
1.03
0.358
0.242
0.262
0.394
0.814
0.406
0.41
0.306
0.65
0.29
0.442
0.706
0.298
0.31
0.146
0.934
0.462
0.17
0.218
0.466
1.398
0.134
0.362
1.266
0.182
0.45
0.37
0.526
0.306
0.422
0.198
0.502
0.626
1.498
0.418
0.278
0.502
0.29
0.23
0.41
0.478
0.422
0.186
0.194
0.99
0.234
0.198
0.394
0.486
0.69
0.458
0.314
0.59
0.198
0.738
0.234
0.226
0.174
0.498
0.438
0.258
0.414
0.422
0.586
0.474
0.218
0.606
0.622
0.322
0.514
0.546
0.422
0.626
0.318
0.238
0.494
0.438
1.334
0.458
0.214
0.862
0.886
0.478
0.21
0.402
0.478
0.49
0.166
0.222
0.766
0.346
0.434
0.662
0.658
0.27
0.254
1.266
0.166
0.414
0.238
0.342
0.342
0.686
0.23
0.362
0.558
0.314
0.282
0.346
0.81
0.202
0.198
0.206
0.33
0.134
0.614
0.242
0.334
0.53
0.378
0.19
0.182
0.294
0.246
0.834
0.246
0.582
0.266
0.194
0.406
0.49
0.926
0.518
0.462
0.174
0.29
0.302
0.158
0.65
0.578
0.238
0.398
0.67
0.518
0.242
0.662
0.158
0.31
0.762
0.446
0.158
0.218
0.226
0.298
0.362
0.39
0.306
0.234
0.558
0.622
0.274
0.206
0.614
0.29
0.938
0.11
0.31
0.974
0.446
0.266
0.27
0.462
0.354
0.462
0.794
0.646
0.25
0.258
0.71
0.586
0.238
0.278
0.45
0.35
0.338
0.73
0.29
0.29
0.482
0.446
0.87
0.154
0.326
0.766
0.93
0.374
0.19
0.306
0.666
0.374
1.154
0.742
0.302
0.27
0.858
0.198
0.654
0.518
0.402
0.238
0.35
0.242
1.054
0.234
0.366
0.882
0.206
0.354
0.254
0.514
0.394
0.23
0.258
0.366
0.178
0.298
0.322
0.218
0.45
0.654
0.25
0.174
0.382
0.234
0.446
0.55
0.11
0.522
0.55
0.358
0.27
0.326
0.306
0.27
0.498
0.774
0.486
0.614
0.19
0.226
0.334
0.286
0.386
0.218
0.702
0.83
0.182
0.502
0.938
0.838
0.566
0.366
0.27
0.238
1.498
0.526
0.674
0.19
0.666
0.478
0.53
0.49
0.258
0.662
0.602
0.282
1.15
0.294
0.278
0.378
0.586
0.31
0.566
0.162
0.266
0.51
0.414
0.298
0.478
0.414
0.294
1.162
0.25
0.726
0.782
0.322
0.358
0.194
0.266
0.142
0.226
0.266
0.274
0.35
0.282
0.95
0.21
0.254
0.274
0.354
0.582
0.562
0.142
0.442
0.302
0.458
0.498
0.286
0.286
0.202
0.242
0.474
0.354
0.414
0.474
0.922
0.778
0.242
0.298
0.286
0.242
0.562
0.486
0.546
0.666
0.854
0.126
0.862
0.178
1.106
0.514
0.77
0.214
0.306
0.386
0.91
0.41
0.626
0.282
0.634
0.682
0.226
0.506
0.806
0.71
0.414
1.05
0.686
0.422
0.382
1.038
0.31
0.226
0.282
0.402
0.238
0.19
0.554
0.778
0.358
0.262
0.282
0.25
0.438
0.318
0.114
0.214
0.622
1.054
0.11
0.286
0.166
0.21
0.234
0.546
0.438
0.178
0.274
0.442
0.718
0.446
0.746
0.138
0.278
0.382
0.898
0.418
0.246
0.338
0.81
0.47
0.166
0.246
0.082
0.474
0.21
0.454
0.706
0.778
0.134
0.686
0.254
0.682
0.342
0.662
0.31
0.598
0.182
0.282
0.246
0.534
0.474
0.198
0.438
0.242
0.17
0.234
0.39
0.318
0.414
0.35
0.674
1.202
0.462
0.53
0.598
0.642
0.238
0.25
0.742
0.374
0.214
1.462
0.674
0.33
0.35
0.198
0.354
0.426
0.238
0.23
0.126
0.306
0.362
0.154
0.418
0.374
0.214
0.522
0.202
0.106
0.23
0.238
0.29
0.314
0.59
1.202
0.226
0.278
0.298
0.43
1.17
0.614
0.322
0.314
0.458
0.75
0.25
0.246
0.706
0.198
0.518
0.286
0.182
0.222
0.802
0.578
0.922
0.39
0.33
0.206
0.198
0.114
0.854
0.75
0.578
0.158
0.386
0.282
0.482
0.386
0.702
1.014
0.422
0.478
0.234
0.362
0.218
0.33
0.278
0.706
0.546
0.358
0.594
0.298
0.426
0.77
0.442
0.266
0.154
0.166
0.106
0.738
0.322
0.118
0.346
0.646
0.534
0.482
1.498
0.374
0.33
0.402
0.366
0.606
0.222
0.226
0.29
0.278
0.314
0.322
0.466
0.586
0.13
0.206
0.19
0.542
0.754
0.178
1.138
0.302
0.602
0.49
0.39
1.258
0.102
0.47
0.65
0.366
0.198
0.39
1.082
0.254
0.722
0.218
0.11
