0.27825
0.39375
0.55275
0.28375
0.30375
0.17225
0.40375
0.79975
1.17925
0.48825
0.39825
0.37525
0.24075
0.26175
0.59625
0.66425
0.81275
0.53925
0.48275
1.24975
0.30075
0.47325
0.30025
0.30525
0.42575
0.62175
0.79625
0.11825
0.47275
0.73075
0.29475
0.21875
0.14125
0.59575
0.21025
0.22225
0.22975
0.18125
0.39975
0.31975
0.26375
0.31775
0.45425
0.16975
0.13975
0.48525
0.18675
0.41925
0.27425
0.35475
0.34375
0.30575
1.04775
0.19075
0.58275
0.93725
0.81175
0.27675
0.26275
0.20675
0.13475
0.38975
0.36075
0.50025
0.31375
0.64825
0.26925
1.24975
0.18275
0.30075
0.50675
0.41575
0.31625
0.24975
0.18075
0.63275
0.25325
0.65225
0.36925
0.33425
0.18225
0.32975
0.32025
0.29225
0.21225
0.64125
0.29475
0.24775
0.41775
0.32925
0.27325
0.41275
0.38125
0.28925
0.39075
0.31525
0.24575
0.50825
0.19425
0.29575
0.52375
0.40375
0.29175
0.40925
0.17425
0.19375
0.24475
0.37675
0.80125
0.44375
0.25175
0.59625
0.80575
0.36475
0.15775
0.19425
0.43525
0.46925
0.21525
0.17875
0.47325
0.57425
0.39625
0.35225
0.36725
0.47425
0.70775
0.21975
0.24375
0.27525
1.16125
0.47025
0.27525
0.37425
0.36925
0.15475
0.75775
0.31975
0.49325
0.98625
0.20525
0.36225
0.37975
0.34825
0.46875
0.32525
0.19175
0.65825
0.42475
0.39125
0.49225
0.48725
0.28225
0.60775
0.48325
0.45725
0.77575
0.22525
0.51325
0.47975
0.40075
0.19675
0.11575
0.39425
0.45875
0.23675
0.40675
0.17975
0.16925
0.92875
0.44625
0.48575
0.67675
0.37375
0.42725
0.56325
0.28875
0.30925
0.60925
0.29675
0.26875
0.53475
0.36525
0.22725
0.25525
0.23725
0.33175
0.39175
0.15025
0.54575
0.43075
0.39375
0.48625
0.24875
0.62275
0.47275
0.30575
0.60125
0.19025
0.92575
0.98175
0.18525
0.21375
0.18675
0.20675
0.51525
0.30425
0.42825
0.26825
0.50925
0.47825
0.30375
0.74475
0.78175
0.48425
0.27525
0.69475
0.34575
0.15125
0.56175
0.78375
0.86975
0.67025
0.69875
0.68175
0.41525
0.17975
0.23875
0.70025
0.56175
0.49675
0.54125
0.51525
0.41275
0.21525
0.39625
0.33075
0.50975
0.33175
0.35075
0.26425
0.23075
0.68425
0.21175
0.23775
0.48025
0.22675
0.32425
0.54975
0.11975
0.15375
0.27375
0.32875
0.85275
0.39425
0.22825
0.26675
0.18525
1.24975
0.30325
0.98675
0.32275
0.74275
0.45675
0.28425
0.72575
0.29475
0.44475
0.43175
0.39775
0.20125
0.23425
0.44675
0.54425
0.12925
0.21875
0.19875
0.36725
0.37925
0.16175
0.79825
0.52725
0.51725
0.24875
0.17125
0.19025
0.33825
0.54925
0.47075
0.37075
0.95025
0.22525
0.15725
1.18575
0.88275
0.58425
1.16075
0.20675
0.57375
1.03825
0.26175
0.33025
0.66275
0.51675
0.36975
0.21975
0.37125
0.51075
0.46625
0.45275
0.36225
0.40175
0.21275
0.40025
0.24675
0.42775
0.22775
0.41775
0.23175
0.46425
0.41825
0.24725
0.28225
0.18725
0.41425
0.38325
0.36725
0.43075
1.24975
1.03325
0.68625
0.44525
0.23875
0.44225
0.33525
0.58925
0.43575
0.17575
0.48175
0.21625
0.66275
0.33475
0.26575
0.18375
0.42875
0.52125
0.23425
0.67825
0.57275
0.62675
0.43675
0.23925
0.59125
0.97575
0.29825
0.57275
0.69225
0.25575
0.46575
0.93025
0.71275
0.26375
1.24975
0.48975
0.15825
0.20425
0.30725
0.62475
0.52175
0.42725
0.31375
0.28875
0.33125
0.77525
0.27275
0.28375
1.08575
0.34025
0.36525
1.05075
0.53125
0.34825
0.42375
0.31975
0.33825
0.58825
0.36625
0.38675
0.26025
0.84975
0.61975
0.26875
0.63625
0.26525
0.39575
0.43875
0.39875
0.22225
1.24975
0.28375
0.26775
0.29275
0.38125
0.28675
0.65375
0.29225
0.16975
0.41925
0.15875
0.52125
0.45925
0.35625
0.35975
0.30525
0.60725
0.29525
0.53075
0.27475
0.30475
0.23975
0.33125
0.11725
0.62375
0.16775
0.53225
0.75775
0.30625
1.24975
0.50825
0.55475
0.20875
0.68375
0.49875
1.24975
0.21475
0.15025
0.75575
0.65725
0.41475
0.25575
0.38375
1.24975
0.17925
0.32125
0.34025
0.50225
0.25475
0.45475
0.29125
0.40625
0.21025
0.68175
0.32375
0.45575
0.26275
0.26075
0.37125
0.34125
0.40325
0.18975
0.25575
0.44325
0.48775
1.24975
0.60975
0.39875
0.76175
0.77025
0.57375
0.28275
0.67075
0.58225
0.32275
0.23875
0.36775
0.18475
0.50475
0.30675
0.78625
0.47675
0.31125
0.27075
0.29525
0.82125
0.57775
0.34125
0.75975
0.39525
0.57375
0.15825
0.79025
0.22875
0.90475
0.90875
0.70025
1.24975
0.25375
0.31975
0.47425
0.38675
0.46025
1.22825
0.22125
0.19925
0.56175
0.72725
1.24975
0.29375
0.29125
0.18575
0.57875
0.37025
0.23475
0.29275
0.42875
0.44575
0.15475
0.85675
0.15925
0.40625
0.79375
0.30425
0.92975
0.42075
0.21125
0.61625
0.23175
0.32325
0.47525
0.65675
0.96925
0.19775
0.35625
1.24975
0.59625
0.16775
0.26075
0.30975
0.25825
0.52175
1.03725
0.69975
0.39975
0.16625
0.23825
0.38325
0.66725
0.24975
0.36575
1.24975
0.35925
0.95175
0.41475
0.92675
0.54025
0.61875
0.26725
0.87175
0.24775
0.16275
0.11025
0.59225
0.23225
0.23925
0.42275
0.34825
0.25375
0.35525
0.33225
0.33125
0.34475
0.40325
0.80375
0.44775
0.34225
1.09275
0.24725
0.53225
0.31225
0.50725
0.95825
0.29225
0.53875
0.88875
0.83475
0.24875
0.66275
0.21725
0.63825
0.83575
0.47075
0.25975
0.32825
0.69025
0.31025
0.27625
0.83175
0.32275
0.28225
0.45425
0.59075
0.26675
0.23875
0.55225
0.30575
0.93675
0.19275
0.86275
0.51975
0.75425
0.29375
0.41775
0.35375
0.25725
0.45425
0.49625
0.16525
0.80775
0.37475
0.70275
1.24975
0.34125
0.38775
0.49575
0.68375
0.53575
0.48725
0.46775
0.19675
0.43825
0.29425
0.29075
0.38625
0.49175
0.48775
0.36125
0.49225
0.41675
0.70375
0.46525
1.17325
0.62225
0.22025
0.16225
0.28675
0.17225
0.15475
0.47275
0.20175
0.66275
0.83625
0.70075
0.54725
0.20275
0.14925
0.49625
0.70375
0.60475
0.50975
0.37825
0.65575
0.31975
0.30675
0.20475
0.38425
0.30075
0.15325
0.45325
0.50675
0.50875
0.23475
0.98425
0.36875
0.38825
0.42825
0.58125
0.38825
0.78275
0.41325
0.18725
0.41175
1.03125
0.29325
0.33175
0.62525
0.57325
0.36775
0.97075
0.20825
0.44125
0.22925
0.19875
0.67525
0.22475
0.77025
0.18475
0.70475
0.26875
0.19375
0.27025
0.30275
0.54425
0.68925
0.34425
0.82725
0.44475
0.41875
0.39925
0.11425
0.49625
0.17425
0.30425
0.47825
0.69475
0.45575
0.20075
0.59625
0.24775
0.94525
0.20875
0.57725
0.52675
0.97275
0.43825
0.46475
0.34325
0.23275
0.19525
0.32625
0.47775
0.37275
0.24325
0.29775
0.52625
0.29275
0.46725
0.57275
0.99225
0.44825
0.37875
0.44525
0.75325
0.36825
0.22325
0.17475
0.37275
0.17075
0.27075
0.61675
0.60275
0.50725
0.30375
0.17225
0.16375
0.14525
0.45725
0.84775
0.23725
0.25975
0.20475
0.22575
0.46475
0.23525
0.37625
0.46875
0.26075
0.79925
0.61475
0.41425
0.25025
0.71225
0.36225
0.19525
0.21625
0.21025
0.56675
0.50425
0.44425
0.45225
0.25375
0.60225
0.37775
0.26875
0.32075
0.39925
0.29925
0.50725
0.43675
0.39575
0.94175
0.38075
0.41075
0.21725
0.74375
0.67975
1.24975
0.23225
0.60575
0.45025
0.74475
0.29475
0.45275
0.15975
0.20275
0.26525
0.13225
0.40825
0.24275
0.22975
0.27325
0.37975
0.26375
0.65175
0.43025
0.39025
0.44275
0.47525
0.96875
0.41575
0.55875
0.24375
0.30025
0.56325
0.71175
0.33525
0.35475
0.64025
0.72325
0.47325
0.31475
0.67125
0.58625
0.23525
0.72475
0.34075
0.18275
0.16475
0.21975
0.87675
0.28975
0.32175
0.26475
0.33425
0.27675
0.41825
0.20675
0.76225
0.15575
0.25475
0.48275
0.62525
0.34975
0.38775
0.36475
0.21825
0.22125
0.43325
0.21175
0.45025
0.61975
0.42825
0.22875
0.22675
0.81225
0.38125
0.32675
0.31175
0.38925
0.44925
0.61125
0.20175
1.24975
0.48525
0.19675
0.73325
0.17475
0.29975
0.32475
0.27375
0.45425
0.45475
0.31625
0.35475
0.18925
0.33725
0.63975
0.85125
0.34975
0.13025
1.24975
0.26125
0.82425
0.29525
0.44575
0.30075
0.28675
0.52825
0.43675
0.82575
0.36125
0.58475
0.57675
0.44025
0.63375
0.25075
0.40825
1.10675
0.65175
0.51125
0.36125
0.40475
0.24075
0.50975
0.11225
0.29025
0.36825
0.29125
0.47825
0.25225
0.43225
0.42125
0.25725
0.20025
0.87975
0.78125
0.16825
0.95675
0.29675
0.47525
0.15375
0.58225
0.25225
0.32775
0.57725
0.21375
0.29525
0.53275
0.48225
0.37375
0.44875
0.28075
0.76475
0.17725
0.17425
0.33075
0.18975
0.26175
0.18325
0.23075
0.18225
0.94875
0.51125
0.46225
0.48675
0.20475
0.19575
0.75475
0.41875
0.21975
0.32425
0.39725
0.40775
0.41675
0.47525
0.39125
0.57225
0.55225
0.39025
0.23375
0.39625
0.80625
0.72575
0.52475
0.17575
0.34575
0.30875
0.41225
0.90975
1.24975
0.25425
0.31775
0.35975
0.42525
0.22675
0.17375
0.26275
0.57425
0.62075
0.49525
0.10725
0.16175
0.35225
0.41175
0.20425
0.35875
0.78975
0.49675
0.15875
0.28875
0.32875
