0.425
0.325
0.645
0.155
0.405
0.195
0.495
0.805
0.335
0.235
0.295
0.725
0.255
0.295
0.235
0.115
0.525
0.315
0.175
0.455
0.095
0.555
0.165
0.995
0.215
0.375
0.575
0.165
0.705
0.325
0.205
0.235
0.135
0.125
0.965
0.995
0.505
0.265
0.355
0.155
0.275
0.315
0.125
0.385
0.385
0.235
0.385
0.225
0.135
0.295
0.325
0.285
0.265
0.385
0.235
0.275
0.465
0.545
0.135
0.495
0.265
0.975
0.645
0.595
0.395
0.175
0.205
0.525
0.495
0.995
0.545
0.355
0.565
0.265
0.265
0.225
0.105
0.995
0.275
0.755
0.675
0.245
0.585
0.365
0.335
0.575
0.245
0.515
0.505
0.465
0.315
0.995
0.365
0.155
0.285
0.195
0.425
0.385
0.225
0.225
0.435
0.235
0.405
0.565
0.995
0.275
0.475
0.405
0.205
0.305
0.135
0.225
0.355
0.995
0.205
0.195
0.235
0.895
0.615
0.995
0.285
0.335
0.475
0.145
0.775
0.815
0.475
0.415
0.325
0.265
0.315
0.285
0.285
0.165
0.315
0.995
0.395
0.615
0.145
0.265
0.885
0.185
0.165
0.265
0.605
0.385
0.185
0.135
0.295
0.335
0.535
0.205
0.355
0.475
0.295
0.175
0.285
0.305
0.195
0.715
0.995
0.165
0.755
0.175
0.995
0.895
0.155
0.995
0.195
0.285
0.205
0.305
0.655
0.165
0.125
0.365
0.245
0.995
0.825
0.995
0.425
0.235
0.275
0.235
0.995
0.665
0.995
0.335
0.205
0.535
0.155
0.385
0.315
0.405
0.355
0.225
0.405
0.995
0.255
0.285
0.995
0.315
0.225
0.225
0.995
0.985
0.295
0.495
0.315
0.485
0.295
0.995
0.365
0.515
0.235
0.205
0.225
0.795
0.355
0.525
0.525
0.245
0.145
0.725
0.755
0.345
0.415
0.995
0.805
0.205
0.855
0.575
0.505
0.325
0.845
0.785
0.785
0.175
0.285
0.355
0.225
0.675
0.255
0.105
0.385
0.835
0.615
0.365
0.365
0.285
0.165
0.465
0.525
0.545
0.315
0.605
0.995
0.575
0.995
0.355
0.295
0.385
0.375
0.465
0.195
0.285
0.355
0.515
0.305
0.995
0.465
0.495
0.415
0.525
0.785
0.575
0.205
0.305
0.285
0.255
0.975
0.575
0.325
0.465
0.575
0.425
0.645
0.995
0.685
0.445
0.705
0.195
0.255
0.385
0.325
0.445
0.365
0.435
0.145
0.295
0.145
0.605
0.975
0.235
0.195
0.245
0.805
0.625
0.995
0.575
0.725
0.425
0.165
0.915
0.205
0.305
0.415
0.175
0.435
0.405
0.295
0.225
0.915
0.515
0.365
0.135
0.305
0.485
0.995
0.645
0.995
0.585
0.205
0.785
0.645
0.415
0.245
0.355
0.125
0.365
0.185
0.615
0.995
0.805
0.995
0.555
0.145
0.885
0.555
0.405
0.295
0.365
0.185
0.565
0.485
0.455
0.565
0.395
0.305
0.205
0.955
0.435
0.225
0.265
0.385
0.175
0.655
0.575
0.625
0.265
0.235
0.465
0.245
0.175
0.485
0.215
0.465
0.355
0.245
0.455
0.305
0.115
0.405
0.255
0.655
0.355
0.995
0.505
0.215
0.475
0.305
0.675
0.155
0.445
0.565
0.395
0.405
0.995
0.995
0.345
0.485
0.655
0.285
0.425
0.995
0.995
0.585
0.365
0.715
0.585
0.485
0.995
0.995
0.285
0.235
0.815
0.335
0.995
0.605
0.305
0.315
0.215
0.095
0.225
0.845
0.225
0.455
0.475
0.565
0.625
0.395
0.685
0.245
0.475
0.375
0.585
0.145
0.375
0.425
0.995
0.325
0.275
0.345
0.335
0.315
0.405
0.685
0.335
0.455
0.395
0.455
0.475
0.235
0.735
0.575
0.415
0.555
0.435
0.995
0.195
0.245
0.495
0.255
0.345
0.395
0.215
0.295
0.275
0.395
0.155
0.505
0.495
0.205
0.185
0.475
0.225
0.135
0.625
0.405
0.285
0.505
0.375
0.665
0.515
0.445
0.895
0.295
0.325
0.995
0.715
0.995
0.145
0.655
0.525
0.525
0.455
0.225
0.495
0.385
0.435
0.235
0.245
0.335
0.195
0.615
0.285
0.235
0.995
0.955
0.295
0.205
0.655
0.185
0.225
0.265
0.345
0.995
0.465
0.305
0.515
0.385
0.245
0.355
0.345
0.205
0.655
0.555
0.995
0.705
0.435
0.335
0.235
0.445
0.445
0.995
0.935
0.465
0.185
0.505
0.365
0.335
0.395
0.235
0.995
0.395
0.545
0.555
0.365
0.295
0.425
0.445
0.245
0.445
0.265
0.325
0.995
0.705
0.285
0.375
0.225
0.655
0.325
0.505
0.175
0.215
0.105
0.835
0.395
0.405
0.935
0.315
0.385
0.535
0.335
0.995
0.315
0.595
0.195
0.235
0.215
0.275
0.295
0.995
0.455
0.435
0.385
0.525
0.205
0.385
0.775
0.505
0.415
0.995
0.265
0.615
0.995
0.625
0.635
0.205
0.375
0.195
0.295
0.235
0.995
0.995
0.995
0.225
0.665
0.475
0.415
0.315
0.745
0.375
0.225
0.335
0.215
0.325
0.405
0.325
0.375
0.445
0.475
0.995
0.385
0.585
0.405
0.435
0.765
0.575
0.165
0.195
0.605
0.245
0.305
0.795
0.695
0.355
0.565
0.325
0.285
0.995
0.545
0.235
0.215
0.205
0.995
0.305
0.115
0.205
0.385
0.905
0.315
0.395
0.735
0.305
0.365
0.325
0.125
0.675
0.495
0.625
0.225
0.125
0.765
0.185
0.995
0.245
0.305
0.675
0.995
0.995
0.995
0.495
0.315
0.665
0.355
0.415
0.155
0.075
0.245
0.205
0.995
0.305
0.615
0.265
0.415
0.375
0.245
0.465
0.805
0.355
0.235
0.995
0.335
0.405
0.215
0.325
0.285
0.445
0.995
0.615
0.425
0.245
0.375
0.355
0.435
0.285
0.235
0.365
0.185
0.135
0.305
0.995
0.345
0.485
0.135
0.745
0.175
0.855
0.995
0.355
0.205
0.425
0.555
0.595
0.295
0.995
0.525
0.405
0.145
0.255
0.995
0.845
0.315
0.355
0.465
0.995
0.225
0.505
0.755
0.335
0.175
0.495
0.095
0.775
0.335
0.125
0.275
0.455
0.305
0.475
0.345
0.235
0.575
0.415
0.995
0.215
0.525
0.555
0.385
0.295
0.245
0.995
0.445
0.455
0.995
0.445
0.525
0.285
0.765
0.225
0.575
0.505
0.605
0.695
0.315
0.295
0.435
0.195
0.735
0.265
0.395
0.365
0.995
0.355
0.995
0.145
0.415
0.135
0.675
0.455
0.405
0.515
0.655
0.395
0.485
0.155
0.595
0.405
0.185
0.475
0.315
0.425
0.995
0.685
0.125
0.505
0.685
0.935
0.995
0.075
0.545
0.305
0.375
0.725
0.425
0.255
0.995
0.205
0.525
0.995
0.995
0.415
0.325
0.995
0.995
0.315
0.515
0.545
0.655
0.545
0.145
0.775
0.245
0.345
0.325
0.655
0.235
0.555
0.225
0.685
0.295
0.235
0.445
0.455
0.705
0.295
0.365
0.945
0.535
0.355
0.155
0.365
0.995
0.335
0.525
0.545
0.695
0.325
0.355
0.605
0.335
0.405
0.415
0.435
0.405
0.265
0.685
0.255
0.375
0.995
0.385
0.315
0.765
0.515
0.955
0.275
0.345
0.265
0.525
0.255
0.855
0.555
0.295
0.465
0.435
0.725
0.345
0.245
0.165
0.255
0.565
0.295
0.305
0.615
0.245
0.385
0.315
0.425
0.815
0.965
0.365
0.995
0.375
0.375
0.185
0.565
0.245
0.545
0.365
0.615
0.485
0.305
0.915
0.425
0.385
0.375
0.455
0.255
0.115
0.405
0.325
0.445
0.315
0.375
0.295
0.365
0.345
0.365
0.175
0.525
0.645
0.435
0.185
0.345
0.475
0.515
0.365
0.525
0.605
0.505
0.995
0.315
0.585
0.615
0.265
0.265
0.995
0.155
0.175
0.525
0.415
0.365
0.525
0.195
0.385
0.395
0.705
0.315
0.235
0.465
0.285
0.315
0.425
0.405
0.675
0.215
0.625
0.535
0.295
0.415
0.245
0.675
0.995
0.395
0.215
0.995
0.755
0.275
0.205
0.495
0.995
0.665
0.195
0.495
0.825
0.225
0.225
0.225
0.365
0.875
0.655
0.445
0.265
0.135
0.175
0.315
0.725
0.475
0.995
