0.998
0.254
0.546
0.622
0.31
0.998
0.274
0.494
0.378
0.45
0.998
0.31
0.326
0.71
0.13
0.302
0.39
0.222
0.326
0.998
0.998
0.414
0.998
0.478
0.166
0.21
0.506
0.206
0.474
0.362
0.522
0.462
0.174
0.302
0.21
0.41
0.27
0.274
0.454
0.642
0.314
0.47
0.278
0.146
0.214
0.998
0.298
0.382
0.418
0.73
0.998
0.182
0.19
0.722
0.578
0.538
0.998
0.15
0.318
0.294
0.674
0.382
0.458
0.462
0.314
0.334
0.294
0.374
0.51
0.39
0.338
0.802
0.274
0.326
0.466
0.226
0.774
0.998
0.434
0.262
0.278
0.998
0.21
0.494
0.446
0.302
0.462
0.358
0.566
0.998
0.478
0.278
0.418
0.69
0.15
0.998
0.27
0.462
0.318
0.246
0.19
0.41
0.358
0.166
0.738
0.394
0.07
0.414
0.61
0.998
0.878
0.474
0.39
0.31
0.642
0.53
0.47
0.202
0.162
0.574
0.562
0.514
0.598
0.578
0.278
0.57
0.294
0.242
0.254
0.278
0.786
0.382
0.234
0.614
0.218
0.474
0.542
0.478
0.346
0.482
0.286
0.33
0.374
0.242
0.678
0.222
0.406
0.442
0.234
0.454
0.402
0.258
0.314
0.254
0.35
0.638
0.298
0.386
0.382
0.546
0.226
0.454
0.998
0.506
0.406
0.278
0.51
0.418
0.426
0.386
0.418
0.182
0.438
0.142
0.622
0.326
0.194
0.406
0.23
0.27
0.602
0.506
0.998
0.354
0.466
0.506
0.414
0.998
0.822
0.366
0.262
0.582
0.79
0.638
0.55
0.186
0.398
0.29
0.998
0.174
0.19
0.214
0.114
0.998
0.458
0.31
0.358
0.398
0.362
0.43
0.398
0.194
0.226
0.338
0.362
0.942
0.302
0.258
0.342
0.55
0.206
0.77
0.998
0.626
0.358
0.146
0.146
0.362
0.922
0.338
0.174
0.954
0.522
0.194
0.442
0.694
0.278
0.218
0.402
0.37
0.234
0.454
0.242
0.174
0.182
0.302
0.422
0.338
0.846
0.29
0.446
0.262
0.39
0.366
0.398
0.19
0.322
0.33
0.398
0.998
0.198
0.146
0.302
0.174
0.358
0.646
0.434
0.186
0.774
0.45
0.378
0.326
0.594
0.162
0.21
0.286
0.502
0.998
0.738
0.306
0.442
0.378
0.514
0.474
0.418
0.998
0.21
0.998
0.218
0.178
0.542
0.442
0.51
0.218
0.298
0.226
0.998
0.426
0.202
0.806
0.178
0.478
0.894
0.574
0.258
0.766
0.518
0.806
0.222
0.342
0.998
0.39
0.534
0.198
0.578
0.362
0.382
0.826
0.998
0.594
0.41
0.266
0.678
0.374
0.486
0.394
0.21
0.214
0.282
0.282
0.998
0.354
0.234
0.694
0.186
0.146
0.35
0.378
0.218
0.578
0.278
0.562
0.614
0.166
0.274
0.218
0.378
0.998
0.37
0.226
0.186
0.502
0.238
0.382
0.338
0.25
0.294
0.234
0.226
0.186
0.334
0.546
0.998
0.614
0.226
0.238
0.234
0.326
0.334
0.234
0.178
0.618
0.438
0.902
0.25
0.182
0.634
0.218
0.314
0.174
0.242
0.294
0.254
0.234
0.518
0.51
0.602
0.266
0.266
0.614
0.634
0.126
0.998
0.21
0.998
0.622
0.998
0.258
0.114
0.278
0.382
0.294
0.29
0.566
0.306
0.218
0.234
0.366
0.21
0.382
0.162
0.494
0.326
0.85
0.17
0.274
0.506
0.506
0.382
0.674
0.182
0.502
0.186
0.562
0.998
0.438
0.374
0.294
0.814
0.31
0.35
0.29
0.998
0.374
0.538
0.49
0.158
0.366
0.542
0.534
0.462
0.446
0.238
0.222
0.386
0.242
0.498
0.794
0.386
0.146
0.526
0.394
0.178
0.998
0.602
0.386
0.374
0.47
0.57
0.206
0.37
0.19
0.306
0.318
0.29
0.998
0.202
0.286
0.998
0.998
0.646
0.458
0.322
0.522
0.262
0.998
0.174
0.654
0.414
0.334
0.262
0.378
0.57
0.75
0.346
0.478
0.998
0.458
0.746
0.318
0.586
0.914
0.262
0.602
0.334
0.998
0.13
0.414
0.31
0.254
0.762
0.502
0.158
0.526
0.47
0.422
0.338
0.31
0.154
0.198
0.45
0.25
0.21
0.554
0.482
0.446
0.314
0.218
0.794
0.27
0.186
0.878
0.37
0.546
0.318
0.166
0.29
0.374
0.198
0.654
0.998
0.998
0.19
0.51
0.458
0.506
0.998
0.542
0.602
0.17
0.242
0.422
0.414
0.25
0.226
0.146
0.266
0.434
0.338
0.418
0.998
0.162
0.398
0.246
0.346
0.442
0.882
0.514
0.362
0.362
0.286
0.466
0.366
0.438
0.426
0.63
0.998
0.502
0.318
0.326
0.606
0.242
0.334
0.43
0.266
0.562
0.486
0.206
0.27
0.322
0.842
0.67
0.186
0.386
0.374
0.174
0.246
0.222
0.286
0.346
0.798
0.686
0.242
0.33
0.494
0.242
0.274
0.39
0.582
0.538
0.382
0.238
0.458
0.198
0.278
0.582
0.558
0.29
0.566
0.142
0.762
0.594
0.378
0.274
0.214
0.346
0.518
0.15
0.25
0.282
0.426
0.362
0.442
0.39
0.414
0.806
0.226
0.538
0.206
0.646
0.17
0.998
0.522
0.998
0.51
0.502
0.25
0.734
0.998
0.43
0.298
0.222
0.998
0.998
0.134
0.314
0.23
0.998
0.998
0.27
0.226
0.35
0.214
0.306
0.998
0.162
0.362
0.998
0.538
0.102
0.166
0.17
0.438
0.998
0.69
0.998
0.362
0.998
0.394
0.758
0.998
0.998
0.374
0.998
0.406
0.586
0.374
0.39
0.614
0.494
0.386
0.574
0.406
0.514
0.382
0.274
0.218
0.234
0.426
0.39
0.342
0.23
0.202
0.89
0.402
0.562
0.79
0.438
0.278
0.25
0.442
0.998
0.294
0.442
0.246
0.538
0.998
0.518
0.302
0.322
0.286
0.434
0.674
0.206
0.33
0.23
0.154
0.354
0.226
0.658
0.598
0.71
0.406
0.322
0.182
0.466
0.81
0.182
0.186
0.574
0.45
0.33
0.394
0.526
0.394
0.714
0.874
0.646
0.394
0.286
0.098
0.662
0.658
0.454
0.998
0.878
0.554
0.382
0.126
0.998
0.374
0.962
0.998
0.254
0.742
0.182
0.358
0.262
0.27
0.554
0.466
0.554
0.138
0.858
0.55
0.422
0.454
0.29
0.438
0.274
0.146
0.33
0.282
0.642
0.998
0.358
0.662
0.386
0.594
0.214
0.33
0.298
0.27
0.482
0.578
0.538
0.438
0.998
0.166
0.518
0.138
0.422
0.318
0.394
0.562
0.266
0.734
0.43
0.654
0.442
0.33
0.622
0.158
0.478
0.662
0.998
0.542
0.382
0.998
0.554
0.394
0.326
0.262
0.546
0.282
0.854
0.998
0.298
0.298
0.998
0.266
0.23
0.33
0.178
0.19
0.666
0.158
0.998
0.326
0.29
0.998
0.374
0.238
0.214
0.458
0.238
0.358
0.53
0.586
0.622
0.402
0.498
0.422
0.31
0.574
0.21
0.29
0.622
0.234
0.866
0.91
0.83
0.614
0.434
0.626
0.438
0.31
0.354
0.474
0.51
0.998
0.854
0.358
0.998
0.39
0.458
0.37
0.23
0.362
0.19
0.09
0.374
0.298
0.998
0.206
0.254
0.234
0.998
0.11
0.39
0.426
0.234
0.142
0.218
0.398
0.094
0.582
0.382
0.554
0.27
0.734
0.586
0.646
0.502
0.998
0.35
0.706
0.362
0.998
0.318
0.674
0.402
0.458
0.178
0.198
0.538
0.53
0.334
0.23
0.838
0.13
0.398
0.418
0.522
0.282
0.378
0.606
0.618
0.398
0.266
0.31
0.778
0.358
0.998
0.246
0.166
0.586
0.998
0.666
0.558
0.998
0.998
0.602
0.358
0.222
0.342
0.174
0.358
0.386
0.194
0.142
0.426
0.378
0.47
0.33
0.362
0.806
0.314
0.254
0.626
0.266
0.402
0.218
0.326
0.522
0.342
0.614
0.318
0.998
0.426
0.466
0.406
0.59
0.326
0.486
0.298
0.998
0.366
0.586
0.438
0.998
0.186
0.242
0.998
0.43
0.806
0.374
0.642
0.45
0.166
0.238
0.706
0.758
0.758
0.422
0.302
0.75
0.422
0.23
0.422
0.998
0.222
0.766
0.178
0.53
0.266
0.43
0.558
0.366
0.202
