0.189
0.277
0.291
0.299
0.723
0.489
0.759
0.211
1.069
0.365
0.645
0.359
0.561
0.355
1.387
0.361
0.429
0.217
0.443
0.611
0.253
0.399
0.191
0.179
0.207
0.213
0.365
0.617
0.301
0.145
0.645
1.333
0.153
0.421
0.273
0.705
0.361
0.283
0.307
0.325
0.689
0.743
0.283
0.367
0.841
0.423
0.549
0.519
0.279
0.665
0.249
0.289
0.327
0.251
0.265
0.493
0.247
0.357
0.205
0.311
0.303
0.233
0.769
0.735
0.343
0.251
0.217
0.267
0.245
0.519
0.229
0.301
0.353
0.177
0.363
0.123
0.453
0.237
0.549
0.347
0.213
0.601
0.235
0.583
0.455
0.791
0.349
0.585
0.383
0.159
0.181
0.151
0.745
0.259
0.263
0.485
0.271
0.625
0.895
0.221
0.645
0.309
0.617
0.421
0.433
0.397
0.185
0.201
0.977
0.575
0.159
0.153
0.265
0.477
0.319
0.185
0.329
0.409
0.443
0.249
1.093
0.361
1.499
0.383
0.289
0.681
0.237
0.225
1.151
0.567
0.451
0.467
0.177
0.219
0.285
0.509
0.203
1.015
0.239
1.081
0.343
0.243
0.233
0.229
0.833
0.647
0.201
0.335
0.355
0.253
0.193
0.429
0.413
0.167
0.615
0.353
0.279
0.233
0.147
0.237
0.379
0.309
0.347
0.355
0.403
0.221
0.221
0.509
0.151
0.909
0.167
0.345
0.729
0.155
0.501
0.373
0.621
0.511
0.613
0.367
0.519
0.223
0.263
0.481
0.413
1.071
0.291
0.209
0.387
0.443
0.411
0.261
0.407
0.485
0.493
0.349
0.961
0.183
0.849
0.763
0.753
0.375
0.251
0.339
0.203
0.149
0.285
0.935
0.727
0.511
0.451
0.321
0.265
0.185
0.645
0.209
0.495
0.297
0.385
0.693
0.731
0.729
0.451
0.621
0.623
0.819
0.203
0.093
0.775
0.223
0.225
0.333
0.371
0.583
0.311
0.559
0.203
0.271
0.373
0.375
0.715
0.195
0.581
0.341
0.269
0.263
0.245
0.323
0.325
0.665
0.237
0.279
0.691
0.295
0.375
0.341
0.499
0.601
0.263
0.375
0.361
0.541
0.579
0.473
0.181
0.331
0.623
0.391
0.263
0.223
0.557
0.253
0.523
0.573
0.239
0.807
0.297
0.461
0.409
0.705
0.527
0.275
0.355
0.183
0.317
0.431
0.367
0.529
0.243
0.271
0.133
0.173
0.307
0.657
0.375
0.221
0.267
1.043
0.587
0.639
1.001
1.273
0.343
0.211
0.225
0.687
0.529
0.415
0.375
0.173
0.267
0.341
0.311
0.101
0.227
0.363
0.423
0.711
0.091
0.277
0.277
0.619
0.577
0.489
0.917
0.905
0.173
0.409
0.441
0.343
0.569
0.463
0.469
0.227
0.193
0.485
0.275
0.409
0.337
0.461
0.965
0.269
0.763
1.059
0.375
0.233
0.561
0.415
0.635
0.139
0.993
0.203
0.181
0.505
0.417
0.573
0.329
0.205
0.373
0.479
0.735
0.417
0.489
0.717
0.481
0.317
0.353
0.269
0.469
0.467
0.515
0.473
0.635
0.297
0.497
0.433
0.295
0.315
0.353
0.205
0.201
0.213
0.239
0.239
0.341
0.643
0.187
0.787
0.825
0.443
0.471
0.311
0.353
0.241
0.295
0.877
0.585
0.455
0.569
0.775
0.267
0.605
0.439
0.527
0.171
0.213
0.523
0.683
0.861
0.303
0.181
0.329
0.595
0.369
0.517
0.265
0.283
0.337
0.671
0.199
0.371
0.683
0.165
0.643
0.801
0.353
0.107
0.301
0.313
0.241
0.263
0.459
1.265
0.341
0.367
0.593
0.283
0.183
0.915
0.327
0.225
0.361
0.367
0.421
0.417
0.499
0.199
0.797
0.205
0.205
0.283
0.261
0.255
0.683
0.331
0.473
0.567
0.825
0.353
0.247
0.379
0.297
0.311
0.851
0.183
0.353
0.573
0.377
0.409
0.311
0.163
0.691
0.409
0.317
0.497
0.267
0.459
0.931
0.299
0.313
0.485
0.367
0.229
0.201
0.247
0.107
0.681
0.537
0.357
0.607
0.265
0.591
0.413
0.307
0.405
1.109
0.193
0.341
0.363
0.867
0.135
0.281
0.383
0.449
0.273
0.877
0.137
0.339
1.021
0.219
0.359
0.347
0.125
0.423
0.281
0.337
0.145
0.577
0.665
0.731
0.357
0.251
0.403
0.263
0.353
0.253
0.377
0.399
0.393
0.321
0.271
0.403
0.175
0.837
0.509
0.549
0.353
0.589
0.931
0.393
0.435
0.369
0.299
0.223
0.333
0.369
0.229
0.441
0.431
0.251
0.277
1.499
0.687
0.177
0.257
0.375
0.715
0.397
0.457
0.897
0.197
0.553
0.461
0.643
0.153
0.205
0.501
0.233
0.521
0.481
0.199
0.375
0.517
0.253
0.531
0.773
0.687
0.489
0.253
1.025
0.381
1.383
0.687
0.773
0.179
0.553
0.351
0.591
0.789
0.269
1.041
0.487
0.253
0.921
0.721
0.671
0.377
0.387
0.251
0.247
0.229
0.775
0.443
0.219
0.317
0.203
0.433
0.281
0.495
0.207
0.411
0.635
0.189
0.337
0.979
1.169
0.315
0.309
0.685
0.297
0.357
0.227
0.189
0.313
0.577
0.435
0.427
0.765
0.375
0.579
0.327
0.467
0.389
0.315
0.181
0.261
0.219
0.467
0.301
0.407
0.503
0.445
0.233
0.233
0.407
0.289
0.213
0.453
0.787
0.281
0.445
0.555
0.739
0.335
0.309
0.233
0.495
0.329
0.235
0.483
0.797
0.413
0.255
0.391
0.271
0.233
0.301
0.199
0.227
0.215
0.201
0.345
0.579
0.917
0.393
0.153
0.315
0.125
0.269
0.379
0.517
0.397
0.685
0.233
0.233
0.261
0.345
0.349
0.353
0.225
0.483
0.917
0.417
0.485
0.693
0.273
0.213
0.337
0.407
0.671
0.451
0.355
0.435
0.911
0.257
0.089
0.589
0.561
0.581
0.595
0.305
0.269
0.369
0.581
0.677
0.111
1.499
0.285
0.547
1.121
0.173
0.397
0.139
0.279
0.403
0.171
0.827
0.565
0.167
0.265
0.255
0.259
0.333
0.445
0.761
0.333
0.287
0.515
0.385
0.439
0.373
0.395
0.473
0.491
0.273
0.599
0.687
0.271
0.483
0.101
0.867
0.461
0.223
0.297
0.605
0.299
0.367
0.553
0.283
0.407
0.973
0.405
0.399
0.247
0.151
0.151
0.361
0.741
0.311
0.339
0.497
0.183
0.313
0.221
0.433
0.275
0.211
0.493
0.259
0.549
0.213
0.325
0.231
0.545
0.361
0.539
0.279
0.223
0.495
0.477
0.247
0.213
0.315
0.403
0.333
0.213
0.145
0.709
0.187
0.251
0.689
0.221
0.307
0.257
0.291
0.297
0.177
0.527
0.351
0.545
0.199
0.171
0.769
0.491
0.591
0.269
0.731
0.467
0.241
0.289
0.213
0.321
0.689
0.385
0.935
0.421
0.583
0.229
0.729
0.279
0.423
0.139
0.245
0.333
0.489
0.301
0.409
0.455
0.247
0.501
0.331
0.221
0.329
0.363
0.271
0.357
0.239
0.429
0.191
0.213
0.605
0.243
0.605
0.247
0.169
0.469
0.329
0.281
0.451
0.155
0.263
0.271
0.327
0.385
0.349
0.795
0.435
0.293
0.379
0.387
0.191
0.373
0.405
0.223
0.673
0.285
0.313
0.403
0.545
0.587
0.293
0.105
1.301
1.003
0.427
0.479
0.173
0.263
0.219
0.785
0.281
0.343
0.505
0.533
0.219
0.249
0.599
0.177
0.319
0.597
0.269
0.447
0.363
0.637
0.691
0.431
0.357
1.033
0.263
0.309
0.679
0.343
0.135
0.321
0.635
0.675
0.361
0.181
0.413
0.649
0.843
0.415
0.423
0.593
0.255
0.481
0.329
0.443
0.425
0.739
0.623
0.217
0.257
0.413
0.445
0.571
0.313
0.379
0.273
0.273
0.219
0.211
0.253
0.811
0.157
0.149
0.523
0.981
0.435
0.567
0.231
0.929
0.283
0.441
0.229
0.225
0.217
0.149
0.195
0.615
0.531
0.369
0.203
0.865
0.961
0.545
0.267
0.125
0.363
0.463
0.627
0.953
0.343
0.255
0.429
0.179
0.199
0.219
0.633
0.335
0.569
0.271
0.417
0.211
0.873
0.323
0.403
0.203
0.289
0.407
0.581
0.861
0.213
0.367
0.153
0.543
0.343
0.439
0.689
0.305
