0.115
0.245
0.685
0.485
0.555
1.025
0.455
0.635
0.145
0.295
0.145
0.185
0.275
0.375
0.255
0.295
0.275
0.915
0.785
0.265
1.015
0.285
0.355
0.335
0.485
0.405
0.235
0.355
0.735
0.295
0.335
0.195
0.465
0.355
0.205
0.165
0.845
0.215
0.295
0.225
0.285
0.735
0.805
0.505
0.085
0.165
0.545
0.615
0.475
0.235
0.425
0.455
0.445
0.305
0.415
0.355
0.955
0.205
0.285
0.385
0.525
0.265
0.955
0.535
0.315
0.685
0.295
0.435
0.815
0.315
1.075
0.275
0.525
0.435
0.455
0.485
0.375
0.225
0.725
0.865
0.125
0.195
0.445
0.695
0.215
0.175
0.675
0.365
0.995
0.135
0.555
0.225
0.185
0.605
0.395
0.815
0.425
0.315
0.195
0.195
0.265
1.085
0.235
0.325
0.315
0.465
0.345
0.155
0.155
0.415
0.795
0.405
0.525
0.435
0.425
0.505
0.905
1.235
0.225
0.355
0.155
0.235
0.225
0.595
0.525
0.575
0.625
0.175
0.445
0.375
1.335
0.225
0.385
0.915
0.225
0.455
0.375
0.505
0.375
0.365
0.215
0.705
0.385
0.305
0.315
0.615
0.245
0.245
0.765
0.445
0.195
0.325
0.365
0.515
1.285
0.455
0.745
0.675
0.845
0.215
0.295
0.495
0.255
0.315
0.335
1.245
0.475
0.215
0.225
0.585
0.295
0.355
0.235
0.435
0.395
0.915
0.325
0.245
0.425
0.865
0.215
0.925
0.505
0.305
0.315
0.555
0.625
0.355
0.315
0.565
0.545
0.345
0.535
0.785
0.135
0.305
0.235
0.355
0.295
0.325
0.635
0.455
0.245
0.355
0.745
0.745
1.135
0.185
0.695
0.335
0.745
0.935
0.225
0.515
0.295
0.255
0.765
0.425
0.085
0.495
0.215
0.235
0.345
0.195
0.165
0.715
0.555
1.005
0.235
0.345
0.905
0.255
0.335
0.145
0.915
0.365
0.425
0.445
0.685
0.885
0.605
0.375
0.405
0.275
0.205
0.925
0.705
0.325
0.585
0.355
0.395
0.785
0.495
0.265
0.145
0.255
0.235
0.405
0.505
0.555
0.355
0.345
0.875
0.275
0.435
0.305
0.415
0.515
0.575
0.575
0.195
0.085
0.265
0.245
0.205
0.245
0.435
0.185
0.465
0.385
0.415
0.425
0.515
0.235
0.315
0.175
0.145
0.245
0.485
1.025
0.295
0.255
0.175
0.935
0.325
0.395
0.385
0.285
0.245
0.485
0.235
0.835
0.225
0.365
0.565
0.595
0.385
0.275
0.255
0.375
0.745
0.735
0.345
0.315
0.345
0.135
0.615
0.505
0.735
0.325
0.305
0.285
0.965
0.615
1.075
0.655
0.395
0.365
0.615
0.325
1.485
0.205
0.685
0.285
0.435
1.315
0.585
0.745
0.725
0.635
0.575
1.255
0.275
0.295
0.275
0.335
0.315
0.265
0.065
0.305
0.955
0.185
0.165
0.275
1.405
0.175
0.335
0.835
0.325
0.375
0.145
0.365
0.345
0.585
0.775
0.725
0.275
0.475
0.265
0.345
0.455
0.325
0.495
0.355
0.325
0.435
0.515
0.165
0.315
0.225
0.325
0.595
0.705
0.235
0.095
0.305
0.505
0.215
0.325
0.175
0.355
0.655
0.265
0.515
0.655
0.145
0.835
0.205
0.335
0.355
0.325
0.485
0.325
0.145
0.435
0.535
0.485
0.305
0.495
0.375
0.415
0.295
0.155
0.475
0.295
0.345
0.215
0.365
0.185
0.595
0.455
0.315
0.445
0.235
0.335
0.195
0.305
0.235
0.285
0.435
0.465
0.185
0.805
0.495
0.475
0.235
0.655
0.145
0.305
0.405
0.335
0.235
0.495
0.425
0.935
0.335
0.335
0.225
0.405
0.945
0.245
0.285
0.415
0.985
0.415
0.445
0.195
0.365
0.375
0.565
0.595
0.285
0.195
0.565
0.525
0.275
0.425
0.605
0.505
0.735
0.095
0.285
0.705
0.285
0.315
0.735
0.265
0.435
0.285
0.235
0.165
0.215
0.145
0.325
0.315
0.205
0.385
0.895
0.205
0.615
0.485
0.255
0.245
0.595
0.345
0.875
0.585
0.355
0.105
0.135
0.155
0.405
0.255
0.265
0.315
0.245
0.555
0.285
0.575
0.235
0.175
0.275
0.125
0.435
0.395
1.165
0.565
0.245
0.525
0.475
0.275
0.405
0.185
0.895
0.385
0.185
0.345
0.365
0.305
0.625
0.375
0.175
0.785
0.525
0.225
0.165
0.185
0.335
0.325
0.355
0.365
0.545
0.405
0.265
0.155
0.635
0.465
0.485
0.265
0.655
1.105
1.015
0.555
0.455
0.265
0.315
0.365
0.415
0.585
0.205
0.195
0.485
0.315
0.305
0.225
0.975
0.145
0.225
0.525
0.435
0.635
0.175
0.645
0.535
0.395
0.535
0.175
0.225
0.385
0.225
0.175
0.175
0.715
0.565
0.555
0.345
0.415
0.325
0.365
1.345
0.125
0.535
0.295
0.715
0.305
0.255
0.265
0.515
1.175
0.775
0.245
0.195
0.515
0.605
1.395
0.545
0.635
0.395
0.225
0.225
0.545
0.505
0.755
0.415
0.675
0.085
0.805
0.265
0.205
0.405
0.345
0.425
0.325
1.235
0.355
0.205
0.245
0.225
0.465
0.485
0.185
0.545
0.335
0.195
0.325
0.435
0.675
0.415
0.375
0.585
1.115
0.555
0.195
0.515
0.935
0.755
0.135
0.455
0.665
0.255
0.295
0.645
0.295
0.345
0.195
0.425
0.315
1.365
0.355
0.285
0.315
0.155
0.275
0.105
0.425
0.345
0.625
0.255
0.245
0.785
0.435
0.345
0.765
0.155
0.355
0.125
0.345
0.305
0.305
0.315
0.235
0.245
0.475
0.385
0.285
0.435
0.545
0.635
0.285
0.495
0.985
0.225
0.815
0.505
0.125
0.365
0.525
0.185
0.955
0.335
0.485
0.285
0.395
0.315
0.195
0.215
0.795
0.195
0.505
0.245
0.445
0.275
0.255
0.685
0.475
0.185
0.485
0.695
0.475
0.305
0.285
0.285
0.375
0.535
0.255
0.715
0.315
0.295
0.355
0.365
1.265
0.355
0.285
0.355
0.495
0.585
0.215
0.535
0.145
0.255
0.555
0.685
1.125
0.345
0.265
0.345
0.555
0.305
0.365
0.225
0.405
0.635
0.735
0.665
0.965
0.115
0.755
0.355
0.235
0.305
0.635
0.275
0.225
0.615
0.425
0.275
0.805
0.405
0.355
0.515
0.365
0.395
0.375
0.325
0.335
0.355
1.065
0.265
0.465
0.285
0.775
0.345
0.395
0.255
0.575
0.695
0.405
0.585
0.235
0.235
0.385
0.485
0.795
0.505
0.715
0.345
0.375
0.895
0.475
0.255
0.285
0.395
0.255
0.255
0.465
0.395
0.415
0.485
0.305
0.315
0.375
0.395
0.235
0.495
0.755
0.125
0.505
0.375
0.245
0.755
0.285
0.265
0.345
0.925
0.195
0.205
0.205
0.235
0.295
0.305
0.505
0.735
0.325
1.185
0.485
1.325
0.325
0.315
0.225
0.235
0.195
0.435
0.475
0.465
0.315
0.825
0.365
0.285
0.555
1.105
0.375
0.405
0.255
0.265
0.395
0.765
0.305
0.255
0.425
0.275
0.325
0.175
0.235
0.255
0.475
0.195
0.395
0.325
0.275
0.225
0.615
0.865
0.315
0.105
0.425
0.585
0.555
0.365
1.335
0.635
0.475
0.185
0.255
0.265
0.345
0.375
0.475
1.045
0.145
0.415
0.345
0.305
0.175
0.495
0.735
0.145
0.605
0.235
0.265
0.195
0.295
0.645
0.385
0.385
0.195
0.865
0.335
0.265
0.375
0.885
0.405
0.315
0.625
0.195
0.265
0.975
0.205
0.475
0.365
0.355
0.135
0.445
0.295
0.155
0.645
0.105
0.375
0.645
1.075
0.295
0.425
0.465
1.005
0.175
0.385
0.295
1.525
0.145
0.505
0.485
0.675
0.465
0.335
0.595
0.135
0.405
0.165
0.565
0.255
0.175
0.625
0.365
0.215
0.105
0.965
0.325
0.275
1.115
0.405
0.405
0.275
0.595
0.535
0.735
0.365
0.285
0.735
0.355
0.875
0.175
0.185
0.145
0.405
0.775
0.465
0.175
0.525
0.195
0.235
0.315
0.255
0.925
0.335
0.275
0.495
0.565
0.235
0.615
0.145
0.195
0.325
0.405
0.535
0.385
1.015
0.185
0.505
0.195
0.475
0.225
