0.095
0.445
0.195
0.405
0.925
0.825
0.325
0.535
0.545
1.105
0.485
0.475
0.165
0.585
0.805
0.415
0.275
0.295
0.605
0.255
0.295
0.135
0.435
0.675
0.805
0.315
0.625
0.515
0.165
1.155
0.185
0.535
0.345
0.645
0.465
0.275
0.365
0.505
0.755
0.185
0.495
0.385
0.315
0.335
0.315
0.245
0.405
0.365
0.245
0.955
0.335
0.515
0.485
0.625
0.235
0.655
0.265
0.255
0.545
0.335
0.505
0.775
0.175
0.265
0.575
0.585
0.285
0.575
0.145
0.755
0.115
0.975
0.505
0.255
0.435
0.795
0.245
0.425
0.195
0.535
0.315
0.335
0.575
0.425
0.355
0.225
0.505
0.495
0.405
0.305
1.495
0.395
0.225
0.825
0.515
0.555
0.595
0.385
0.585
0.405
0.415
0.205
0.895
0.615
0.315
0.195
0.165
0.165
0.305
0.405
0.255
0.565
0.165
0.305
0.325
0.325
0.555
0.235
0.585
0.195
0.455
0.195
0.275
0.815
0.155
0.585
0.815
0.185
0.805
0.345
0.415
1.035
0.355
0.815
0.475
1.315
0.415
0.385
0.795
0.285
0.525
0.365
0.375
0.375
0.725
0.345
0.265
0.355
0.515
0.645
0.385
0.155
0.585
0.505
0.475
0.225
0.755
0.805
0.245
0.715
0.115
0.235
0.315
0.315
0.535
1.495
0.345
0.385
0.365
0.355
0.355
1.055
0.115
0.495
0.575
0.245
0.375
0.435
0.505
0.245
0.815
0.235
0.815
0.385
0.985
0.595
0.245
0.165
0.495
0.135
0.235
0.745
0.315
0.145
0.275
0.305
0.275
0.785
0.405
0.985
0.275
0.495
0.755
0.225
0.255
0.495
0.265
0.155
0.485
0.415
0.575
0.485
0.475
0.575
0.255
0.265
0.435
0.145
0.275
0.175
1.025
0.495
0.275
1.085
0.115
0.805
0.435
0.705
0.105
0.205
0.345
0.435
0.655
0.305
0.515
0.135
0.645
0.315
0.205
0.325
0.395
0.655
0.625
0.505
0.325
0.435
0.075
0.785
0.215
0.595
0.325
0.895
0.695
0.415
0.585
0.405
0.265
0.325
0.225
0.185
0.375
0.385
0.605
0.245
0.245
0.185
0.175
0.395
0.155
0.435
0.625
0.475
0.315
0.195
0.535
0.275
0.455
0.175
0.395
0.825
0.165
0.195
0.155
0.345
0.305
0.255
0.585
0.835
0.315
0.285
0.905
0.225
0.485
0.185
0.645
0.265
0.355
0.215
0.295
0.455
0.815
0.565
0.615
0.555
0.245
0.485
0.495
0.255
0.115
0.435
0.385
0.225
0.635
0.595
0.225
0.365
0.855
0.845
0.425
0.495
0.415
0.945
0.355
0.225
0.415
0.315
0.365
0.245
0.215
0.955
0.395
0.565
0.455
0.425
0.415
0.195
0.355
0.375
0.705
0.515
0.615
0.175
0.435
0.325
0.715
0.295
0.175
0.265
0.475
0.155
0.575
0.115
0.605
1.105
0.235
0.305
0.535
0.715
0.485
0.365
0.115
0.305
0.195
0.155
0.395
0.185
0.795
0.295
0.625
0.155
0.385
0.215
0.265
0.165
0.285
0.805
0.415
0.335
0.405
0.355
1.165
0.305
0.585
0.305
0.165
1.005
0.545
0.935
0.885
0.835
0.215
0.275
0.675
0.265
0.395
0.475
0.505
0.475
0.845
0.605
0.465
0.425
0.655
0.265
0.725
0.625
0.685
0.295
0.845
0.945
0.355
0.215
0.615
0.405
0.415
0.525
1.085
0.205
0.365
0.355
0.785
0.285
0.375
0.435
0.205
0.625
0.515
0.895
0.515
0.715
0.715
0.695
0.525
0.475
0.465
0.405
0.565
0.525
0.345
0.375
0.375
0.215
0.395
0.875
0.465
0.385
0.575
0.785
0.665
0.405
0.475
0.245
0.415
0.185
0.335
0.205
0.275
0.365
0.225
0.375
0.425
0.255
0.685
0.435
0.375
0.505
0.355
0.745
0.255
0.425
0.315
0.195
0.485
0.815
0.875
0.425
0.275
0.245
0.265
0.355
0.195
1.495
0.495
0.245
0.225
0.985
0.555
0.255
0.585
0.505
0.455
0.375
0.185
0.415
0.415
0.535
0.445
0.285
0.595
0.215
0.445
0.635
1.205
0.195
0.365
0.425
0.625
1.495
0.305
0.245
0.245
0.665
0.485
0.765
0.185
0.485
0.385
0.545
0.165
0.305
0.275
0.165
0.405
0.355
0.375
0.455
0.665
0.475
0.275
0.205
0.755
0.245
0.335
0.505
0.455
0.325
0.465
0.235
0.765
0.315
0.365
0.155
0.545
0.195
0.675
0.245
0.215
0.365
0.685
0.565
0.435
0.515
0.615
0.145
0.425
0.815
0.345
0.225
0.395
0.255
0.345
0.375
0.435
0.505
0.165
0.295
0.445
0.445
0.545
0.675
0.435
0.655
0.795
0.275
0.455
0.465
0.605
0.485
0.825
0.325
0.275
0.425
0.205
0.395
1.155
0.585
0.105
0.195
0.435
0.625
0.525
0.325
0.335
1.345
0.415
0.355
0.535
0.385
0.325
0.335
0.115
0.235
0.485
0.725
0.305
0.455
0.425
0.735
0.475
0.205
0.285
0.305
0.335
0.185
0.445
0.505
0.365
0.455
0.375
0.545
0.985
0.375
0.265
0.445
0.475
0.395
0.725
0.205
0.305
0.265
0.285
0.665
0.375
0.385
0.265
0.205
0.615
0.485
0.275
0.455
0.225
0.465
0.475
0.205
0.275
0.485
0.665
0.155
0.195
0.535
0.405
0.265
0.355
0.205
0.535
0.485
0.175
0.565
0.525
0.405
0.765
0.285
0.365
0.325
0.145
0.375
0.745
0.155
0.415
0.245
0.705
0.255
0.325
0.185
0.135
0.385
0.265
0.405
1.305
0.545
0.295
0.275
0.475
0.525
0.225
0.395
0.175
0.495
0.435
0.365
0.435
0.755
0.425
0.655
0.305
0.375
0.225
0.425
0.315
0.595
0.235
0.585
0.585
0.615
0.125
0.445
0.345
0.665
0.295
0.265
0.255
0.795
0.375
0.205
0.405
0.075
0.205
0.185
0.105
0.255
0.755
0.315
0.485
0.385
0.245
0.245
0.725
0.605
0.485
0.235
0.385
0.365
0.395
0.735
0.385
0.335
0.215
0.415
0.395
0.525
0.435
0.225
0.655
0.205
0.635
0.155
0.845
0.285
0.285
0.215
0.205
0.565
0.215
0.185
0.385
0.425
0.265
0.315
0.315
0.785
0.415
0.375
0.345
0.375
0.395
0.685
0.275
0.185
0.155
0.555
0.215
0.365
0.645
0.235
0.275
0.625
1.125
0.555
0.215
0.365
0.445
0.315
0.285
0.295
0.405
0.215
0.355
0.655
0.355
0.445
0.705
0.395
0.555
1.015
0.475
0.195
0.175
0.455
0.185
0.145
0.415
0.435
0.215
0.135
0.225
0.415
0.655
0.425
0.225
1.205
0.305
0.105
0.565
0.535
0.595
0.905
0.265
0.505
0.815
0.335
0.415
0.165
0.445
0.845
0.285
0.345
1.185
0.345
0.305
0.595
0.635
0.715
0.555
0.825
0.485
0.705
0.645
0.535
0.645
0.515
0.455
0.335
0.865
0.235
0.295
0.455
0.515
0.425
0.255
0.465
0.515
0.215
0.285
0.595
0.395
0.215
0.455
0.155
0.795
0.305
0.265
0.195
0.355
0.695
0.635
0.195
0.355
0.395
0.225
0.295
0.555
0.225
0.435
0.305
0.325
0.455
0.395
0.695
0.285
0.905
0.825
0.475
0.215
0.355
0.935
0.445
0.295
0.195
0.395
0.295
0.355
0.475
0.145
0.225
0.885
0.485
0.635
0.275
0.245
0.255
0.425
0.205
0.515
0.425
0.355
1.065
0.645
0.875
0.385
0.705
0.285
0.685
0.355
0.165
0.275
0.975
0.505
0.435
0.685
0.445
0.625
0.235
0.575
0.225
0.265
0.235
0.185
0.275
0.375
0.365
0.285
0.245
0.315
0.175
0.535
0.375
0.475
0.415
0.415
0.615
0.145
1.285
0.175
0.615
1.145
1.105
0.555
0.765
0.275
0.675
0.225
0.205
0.445
0.455
0.475
0.255
0.185
0.575
0.195
0.735
0.415
0.285
0.575
0.195
0.545
0.695
0.495
0.555
0.285
0.585
0.425
0.695
0.225
1.165
0.195
0.585
0.295
0.375
0.185
0.325
0.205
0.375
0.285
0.215
0.245
0.205
0.775
0.375
0.195
0.275
0.315
0.515
1.195
0.655
0.335
0.975
0.655
0.315
0.535
0.695
