0.523
0.433
0.257
0.461
0.421
0.399
0.525
0.281
0.293
0.403
0.211
0.249
0.655
0.293
0.623
0.223
0.259
0.275
0.205
0.493
0.511
0.665
0.367
0.399
0.435
0.421
0.191
0.501
0.575
0.549
0.225
0.407
0.217
0.179
0.169
0.619
0.961
0.391
0.381
0.623
0.539
0.487
0.877
0.387
0.271
0.165
0.361
1.259
0.367
0.537
0.575
0.699
0.559
0.655
0.415
0.171
0.269
0.183
0.351
0.257
0.807
0.821
0.491
0.717
0.471
0.371
0.895
0.317
0.765
0.489
0.637
0.305
1.087
0.171
0.427
0.595
0.253
0.699
0.289
0.213
0.539
0.659
0.305
0.601
0.533
0.581
0.889
0.263
0.507
1.371
0.843
0.501
0.447
0.571
0.445
0.813
0.237
0.271
0.669
0.279
0.147
0.521
0.649
0.483
0.471
0.427
0.447
0.119
0.301
0.815
0.251
0.705
0.265
0.319
0.153
0.383
1.241
0.335
0.211
0.405
0.297
0.297
0.617
0.609
0.161
0.957
0.307
0.721
0.397
0.609
0.599
0.471
0.471
0.447
0.155
0.481
0.275
0.175
0.287
0.391
0.207
0.277
0.619
0.249
0.827
0.361
0.281
0.259
0.391
0.383
0.235
0.365
0.353
0.975
0.409
0.363
0.829
0.257
0.161
0.559
0.365
0.267
0.513
0.241
0.157
0.091
0.575
0.839
0.937
0.113
0.431
0.537
0.433
0.285
0.603
0.423
0.377
0.661
0.375
0.347
0.343
0.299
0.325
0.629
0.235
0.327
0.283
0.345
0.179
0.381
0.449
0.767
0.263
0.661
0.149
0.425
0.211
0.595
0.683
0.439
0.211
0.155
0.283
0.385
0.515
0.373
0.467
0.233
0.273
0.421
0.491
0.357
0.391
0.327
0.369
0.701
0.503
0.159
0.587
0.451
0.287
0.687
0.153
0.333
0.289
0.213
0.255
0.361
0.269
0.297
0.701
0.505
0.249
0.499
0.621
0.211
0.311
0.411
0.295
0.263
0.509
0.875
0.247
0.317
0.337
0.411
0.435
0.185
0.711
0.183
0.265
0.295
0.723
0.375
0.473
0.497
0.951
0.797
0.669
0.353
0.725
0.655
0.607
0.237
0.341
0.745
0.487
0.143
0.361
0.237
0.511
0.351
1.189
0.959
1.275
0.761
0.137
0.367
1.051
0.493
0.265
0.369
0.307
0.201
0.239
0.309
0.693
0.973
0.573
0.203
0.685
0.205
0.313
0.313
0.551
0.583
0.395
0.661
0.167
0.369
0.273
0.991
0.849
0.197
0.329
0.325
0.601
0.213
0.491
0.309
0.249
1.191
0.435
0.181
0.347
0.295
0.941
0.309
0.483
0.603
0.285
0.505
0.311
0.251
0.543
0.197
0.315
0.327
0.433
0.331
0.421
0.443
0.147
0.225
0.523
0.821
0.789
0.645
0.151
0.165
0.331
0.531
0.427
0.385
0.695
0.437
0.969
0.583
0.495
0.331
0.269
0.751
0.171
0.499
0.253
0.367
0.249
0.331
0.577
0.777
0.597
0.513
1.103
1.447
0.611
0.357
0.203
0.317
0.741
0.797
0.481
0.095
0.487
0.581
0.215
0.579
0.299
0.383
0.371
0.275
0.289
0.315
0.193
0.705
0.191
0.707
0.857
0.195
0.433
0.099
0.425
0.401
0.339
0.377
0.503
0.423
0.303
0.427
0.253
0.433
1.017
0.433
0.369
0.597
0.471
0.241
0.315
0.217
0.551
0.401
0.447
0.319
0.691
0.311
0.851
0.475
0.219
0.317
0.295
0.415
0.371
0.367
0.285
0.639
0.415
0.189
0.575
0.263
0.333
0.137
0.915
0.471
0.409
0.311
0.483
1.003
0.257
0.741
0.331
0.573
0.261
0.389
0.257
0.253
0.179
0.345
0.115
0.257
0.227
1.017
0.975
0.251
0.373
0.375
0.295
0.209
0.249
0.297
0.459
0.381
0.539
0.269
0.761
0.403
0.231
0.297
0.645
0.363
0.471
0.107
0.225
0.275
0.489
1.259
0.331
0.599
0.311
0.647
0.719
0.275
0.375
0.269
0.429
0.371
0.215
0.619
0.357
0.359
0.287
0.295
0.395
0.391
0.393
0.451
0.463
0.613
0.569
0.169
0.653
0.497
0.217
0.325
0.267
0.253
0.369
0.437
0.297
0.387
0.467
0.221
0.311
0.491
0.379
0.513
0.485
0.309
0.283
0.269
0.189
0.259
0.597
0.415
0.293
0.701
0.261
0.427
0.841
1.659
0.369
0.149
0.417
0.469
0.183
0.285
0.363
0.259
0.331
0.149
0.831
0.259
0.179
0.291
0.203
0.605
0.387
0.243
0.187
0.345
0.095
0.797
0.165
0.431
0.625
0.147
0.233
0.437
0.539
0.351
0.195
0.307
0.289
0.829
0.705
0.863
0.295
1.127
0.547
0.421
0.543
0.383
0.307
0.749
0.321
0.169
0.713
0.505
0.285
0.863
1.193
0.153
0.267
0.527
0.327
0.149
0.147
0.299
0.311
0.515
0.161
0.617
0.427
0.511
0.623
1.017
0.329
0.317
0.235
0.383
0.387
0.381
0.849
0.427
0.503
0.385
0.323
0.477
0.483
0.185
0.611
0.331
0.409
0.207
0.507
0.337
0.327
0.117
0.413
0.355
0.135
0.657
0.717
0.427
0.321
0.491
0.391
0.253
0.463
0.285
0.261
0.189
0.561
0.879
0.315
0.923
0.441
0.789
0.623
0.249
0.399
0.347
0.099
0.167
0.727
0.199
0.851
0.429
0.333
0.819
0.189
0.571
0.157
0.291
0.197
0.431
0.177
0.381
0.193
0.217
0.387
0.213
0.667
0.455
0.575
0.489
0.283
0.369
0.371
0.197
0.671
0.367
0.287
0.187
0.361
0.413
1.129
1.557
0.983
0.219
0.429
0.221
0.191
0.605
0.469
0.419
0.119
0.625
0.273
1.109
0.907
0.469
0.681
0.661
0.707
0.307
0.425
0.361
0.523
0.245
0.837
0.473
0.245
0.361
0.479
0.477
0.179
0.415
0.561
0.221
0.207
0.361
0.481
0.405
0.597
0.279
0.261
0.601
0.411
0.113
0.203
0.343
0.285
0.371
0.355
0.547
0.333
0.167
0.469
0.551
0.325
0.567
0.823
0.627
0.419
0.205
0.495
0.387
0.515
0.257
0.233
0.845
0.215
0.423
0.173
0.171
1.001
0.601
0.337
0.399
0.533
0.753
0.291
0.525
0.267
0.419
0.435
0.221
0.285
0.763
0.181
0.419
0.463
0.207
0.185
0.357
0.701
0.815
0.435
0.325
0.275
0.881
0.261
0.399
0.217
0.459
0.215
0.335
0.371
0.199
0.149
0.715
0.189
0.641
0.257
0.333
0.595
0.151
0.425
0.319
0.265
0.355
0.201
0.271
0.263
0.437
0.481
0.349
0.429
0.593
0.157
0.209
0.541
1.075
0.223
0.233
0.673
0.527
0.355
0.423
0.283
0.461
0.423
0.353
0.169
0.639
0.455
0.357
0.445
0.155
0.155
0.421
0.225
0.343
0.267
0.165
0.353
0.467
0.513
0.441
0.299
0.177
1.015
0.273
0.885
0.465
0.163
0.679
0.529
0.317
0.277
0.229
0.333
0.305
0.247
0.705
0.863
0.649
0.227
0.769
0.195
0.603
0.729
0.363
0.137
0.441
0.167
0.221
0.475
0.565
0.289
0.561
0.433
0.615
0.243
0.607
0.493
0.419
0.101
0.411
0.275
0.187
0.257
0.203
0.985
0.199
0.697
1.535
0.069
0.343
0.297
0.263
0.191
0.825
0.223
0.983
0.253
1.053
0.241
0.813
0.625
0.589
0.845
0.273
1.027
0.869
0.293
0.245
0.561
0.423
0.461
0.741
0.317
0.481
0.973
0.991
0.547
0.477
0.339
0.239
0.329
0.235
0.857
0.277
0.245
0.379
0.225
0.497
0.383
0.229
0.437
0.187
0.555
0.293
0.223
0.459
0.387
0.219
0.143
0.621
0.379
0.325
0.159
0.777
1.033
0.557
0.351
0.885
0.267
0.509
0.439
0.655
0.383
0.305
0.247
0.209
0.299
0.435
0.505
0.449
0.307
0.137
0.323
0.737
0.243
0.233
0.623
0.411
1.019
0.395
0.717
0.371
1.271
0.391
0.437
0.465
0.367
0.131
0.261
0.629
0.953
1.353
0.573
0.269
0.163
0.581
0.163
0.299
0.683
0.787
0.271
0.371
0.267
0.299
0.607
0.291
0.129
0.191
0.171
0.265
0.471
0.253
0.289
0.173
1.453
0.853
0.605
0.187
0.303
1.159
0.309
0.365
