0.419
0.749
0.595
0.207
0.255
0.135
0.373
0.173
0.357
0.219
0.527
0.999
0.283
0.181
0.297
0.403
0.459
0.831
0.849
0.505
0.999
0.447
0.499
0.483
0.199
0.589
0.335
0.999
0.279
0.507
0.661
0.197
0.199
0.261
0.497
0.357
0.379
0.513
0.203
0.229
0.371
0.303
0.167
0.181
0.957
0.639
0.213
0.245
0.541
0.315
0.999
0.297
0.679
0.645
0.457
0.469
0.327
0.269
0.215
0.385
0.541
0.115
0.349
0.417
0.671
0.999
0.575
0.645
0.427
0.315
0.179
0.655
0.399
0.211
0.999
0.223
0.207
0.359
0.187
0.999
0.407
0.379
0.359
0.259
0.455
0.499
0.685
0.869
0.673
0.483
0.243
0.547
0.403
0.715
0.315
0.607
0.663
0.615
0.833
0.219
0.361
0.703
0.107
0.511
0.169
0.399
0.247
0.465
0.823
0.999
0.257
0.817
0.183
0.449
0.425
0.495
0.497
0.193
0.239
0.419
0.539
0.337
0.459
0.447
0.495
0.375
0.693
0.283
0.193
0.723
0.269
0.401
0.495
0.691
0.455
0.461
0.421
0.311
0.501
0.511
0.313
0.311
0.407
0.125
0.681
0.385
0.293
0.653
0.311
0.351
0.999
0.349
0.689
0.135
0.337
0.121
0.167
0.359
0.355
0.145
0.291
0.259
0.637
0.311
0.355
0.455
0.215
0.999
0.209
0.521
0.465
0.545
0.999
0.217
0.205
0.353
0.999
0.503
0.173
0.305
0.999
0.405
0.201
0.845
0.999
0.315
0.283
0.369
0.227
0.357
0.167
0.197
0.521
0.263
0.303
0.495
0.295
0.215
0.433
0.769
0.223
0.207
0.387
0.447
0.453
0.655
0.999
0.183
0.455
0.161
0.333
0.341
0.577
0.195
0.329
0.249
0.197
0.197
0.449
0.445
0.295
0.161
0.231
0.291
0.325
0.289
0.563
0.259
0.347
0.781
0.385
0.889
0.495
0.541
0.999
0.219
0.839
0.999
0.279
0.317
0.271
0.535
0.213
0.289
0.471
0.999
0.999
0.227
0.261
0.999
0.481
0.607
0.549
0.655
0.999
0.209
0.159
0.449
0.999
0.469
0.219
0.999
0.615
0.999
0.407
0.319
0.253
0.217
0.419
0.191
0.269
0.391
0.523
0.699
0.329
0.139
0.141
0.175
0.461
0.261
0.189
0.437
0.329
0.831
0.473
0.489
0.529
0.525
0.285
0.609
0.999
0.301
0.999
0.183
0.151
0.629
0.125
0.475
0.301
0.247
0.471
0.179
0.339
0.605
0.457
0.243
0.999
0.187
0.375
0.231
0.161
0.583
0.433
0.421
0.257
0.257
0.481
0.491
0.151
0.131
0.701
0.347
0.165
0.291
0.935
0.593
0.519
0.279
0.411
0.189
0.173
0.167
0.169
0.201
0.207
0.463
0.157
0.183
0.131
0.359
0.287
0.227
0.731
0.193
0.323
0.243
0.405
0.413
0.999
0.663
0.255
0.539
0.703
0.425
0.285
0.165
0.401
0.293
0.339
0.419
0.151
0.561
0.999
0.305
0.357
0.427
0.295
0.457
0.999
0.275
0.407
0.147
0.371
0.497
0.279
0.305
0.341
0.345
0.237
0.583
0.217
0.443
0.661
0.281
0.437
0.239
0.455
0.241
0.185
0.279
0.247
0.293
0.527
0.157
0.153
0.737
0.217
0.291
0.163
0.317
0.421
0.787
0.251
0.431
0.223
0.293
0.253
0.577
0.419
0.753
0.427
0.543
0.291
0.343
0.875
0.391
0.237
0.789
0.691
0.511
0.999
0.613
0.517
0.999
0.541
0.191
0.249
0.737
0.343
0.819
0.163
0.999
0.221
0.205
0.317
0.519
0.217
0.413
0.297
0.321
0.263
0.757
0.345
0.469
0.215
0.999
0.203
0.385
0.379
0.451
0.121
0.245
0.587
0.925
0.695
0.353
0.135
0.245
0.139
0.379
0.771
0.279
0.537
0.609
0.395
0.243
0.999
0.255
0.999
0.525
0.139
0.407
0.453
0.275
0.557
0.673
0.999
0.471
0.191
0.191
0.291
0.999
0.421
0.149
0.559
0.591
0.189
0.559
0.289
0.305
0.543
0.683
0.999
0.343
0.335
0.947
0.423
0.225
0.999
0.419
0.365
0.189
0.685
0.295
0.611
0.821
0.315
0.271
0.557
0.481
0.229
0.251
0.203
0.223
0.883
0.277
0.275
0.229
0.817
0.537
0.711
0.157
0.473
0.179
0.381
0.261
0.177
0.399
0.159
0.167
0.123
0.365
0.399
0.379
0.999
0.441
0.431
0.299
0.531
0.331
0.999
0.909
0.431
0.199
0.505
0.875
0.263
0.435
0.351
0.347
0.241
0.521
0.449
0.999
0.183
0.353
0.711
0.563
0.411
0.487
0.431
0.275
0.531
0.327
0.255
0.389
0.601
0.293
0.181
0.479
0.417
0.261
0.737
0.731
0.749
0.377
0.407
0.591
0.849
0.743
0.695
0.715
0.107
0.109
0.251
0.399
0.525
0.393
0.569
0.285
0.635
0.703
0.289
0.219
0.449
0.437
0.283
0.473
0.599
0.245
0.867
0.999
0.471
0.319
0.557
0.273
0.157
0.271
0.581
0.413
0.949
0.109
0.233
0.535
0.493
0.161
0.507
0.433
0.239
0.469
0.877
0.823
0.469
0.543
0.341
0.339
0.411
0.219
0.467
0.515
0.999
0.999
0.359
0.585
0.433
0.239
0.999
0.261
0.313
0.257
0.251
0.661
0.229
0.355
0.159
0.163
0.195
0.313
0.523
0.229
0.399
0.505
0.071
0.253
0.155
0.299
0.613
0.817
0.225
0.413
0.221
0.153
0.365
0.263
0.139
0.999
0.513
0.901
0.271
0.641
0.361
0.271
0.783
0.263
0.437
0.163
0.231
0.417
0.391
0.279
0.181
0.609
0.593
0.405
0.565
0.323
0.511
0.393
0.201
0.207
0.301
0.457
0.411
0.689
0.209
0.427
0.273
0.191
0.567
0.217
0.919
0.999
0.315
0.999
0.753
0.173
0.477
0.155
0.199
0.221
0.491
0.999
0.389
0.675
0.453
0.705
0.311
0.999
0.269
0.533
0.589
0.213
0.999
0.999
0.287
0.531
0.127
0.173
0.427
0.187
0.273
0.607
0.659
0.401
0.999
0.215
0.687
0.649
0.227
0.165
0.583
0.487
0.999
0.473
0.999
0.543
0.493
0.343
0.217
0.177
0.219
0.577
0.385
0.201
0.261
0.199
0.435
0.163
0.501
0.577
0.525
0.285
0.671
0.459
0.239
0.285
0.333
0.321
0.439
0.185
0.679
0.999
0.659
0.999
0.229
0.391
0.329
0.273
0.489
0.507
0.213
0.327
0.475
0.521
0.123
0.999
0.423
0.603
0.225
0.163
0.299
0.999
0.381
0.315
0.265
0.999
0.329
0.431
0.185
0.505
0.197
0.725
0.383
0.999
0.507
0.475
0.467
0.203
0.999
0.451
0.483
0.495
0.705
0.527
0.895
0.999
0.367
0.305
0.315
0.399
0.389
0.343
0.187
0.999
0.397
0.709
0.177
0.127
0.625
0.437
0.367
0.241
0.629
0.243
0.201
0.309
0.507
0.343
0.999
0.193
0.365
0.419
0.399
0.805
0.517
0.393
0.801
0.287
0.519
0.371
0.825
0.281
0.341
0.233
0.253
0.999
0.387
0.253
0.341
0.749
0.825
0.311
0.715
0.151
0.399
0.285
0.569
0.557
0.999
0.395
0.165
0.393
0.303
0.803
0.935
0.307
0.999
0.339
0.191
0.225
0.535
0.179
0.295
0.267
0.407
0.757
0.241
0.209
0.595
0.297
0.435
0.267
0.615
0.999
0.493
0.145
0.547
0.345
0.595
0.999
0.413
0.793
0.387
0.283
0.381
0.493
0.999
0.471
0.375
0.157
0.705
0.211
0.139
0.187
0.181
0.801
0.459
0.335
0.527
0.307
0.999
0.483
0.817
0.113
0.611
0.101
0.605
0.203
0.237
0.999
0.665
0.731
0.341
0.359
0.999
0.257
0.315
0.397
0.497
0.271
0.217
0.501
0.159
0.757
0.219
0.223
0.543
0.265
0.219
0.253
0.999
0.999
0.251
0.609
0.585
0.433
0.363
0.659
0.999
0.257
0.351
0.685
0.261
0.297
0.343
0.725
0.431
0.177
0.533
0.421
0.451
0.481
0.247
0.407
0.447
0.999
0.371
0.439
0.585
0.181
0.465
0.243
0.449
0.717
0.509
0.185
0.999
0.481
0.587
0.303
0.215
0.551
0.213
0.343
0.303
0.561
0.215
0.433
0.379
0.435
