0.392
0.62
1.136
0.244
0.388
0.456
0.396
0.312
0.32
0.248
0.28
0.284
0.968
0.496
0.58
0.48
0.336
0.16
0.412
1.248
0.572
0.248
0.412
0.204
0.78
0.428
0.388
0.64
0.376
0.124
0.524
0.432
0.4
0.284
0.48
0.44
0.364
0.5
0.272
0.336
0.188
0.456
0.356
0.412
0.316
0.672
0.876
0.352
0.364
0.188
0.756
0.524
0.28
0.164
0.208
0.628
0.392
0.228
0.56
0.284
0.792
0.652
0.416
0.624
0.344
0.38
0.32
0.9
0.208
0.624
0.716
0.268
1.248
0.412
0.936
0.72
0.192
0.212
0.556
0.248
0.428
0.38
0.268
0.46
0.816
0.536
0.18
0.348
0.468
0.412
0.136
0.236
0.228
0.464
0.44
0.404
0.424
0.176
0.328
0.368
0.356
0.572
0.184
0.268
0.556
0.368
0.24
0.376
0.264
0.336
0.3
0.28
0.408
1.248
0.38
0.372
0.56
0.256
0.616
0.428
0.388
0.564
0.752
0.176
0.256
0.332
0.98
0.572
0.3
0.744
0.368
0.72
0.34
0.208
0.536
0.716
0.468
0.568
0.572
0.652
0.644
0.388
0.388
0.196
0.416
1.248
0.296
0.324
0.312
0.24
0.192
0.564
0.472
0.4
0.164
0.144
0.272
0.716
0.592
1.084
0.412
0.896
0.332
0.2
0.424
0.5
0.416
0.276
0.656
0.528
0.332
0.18
0.224
0.156
0.168
0.348
0.288
0.232
0.1
0.364
0.672
0.836
0.42
0.544
0.62
0.24
0.428
0.72
0.232
0.128
0.432
0.596
0.336
0.472
0.332
0.456
0.252
0.228
0.304
0.708
0.444
0.18
0.316
0.38
1.1
0.904
0.748
0.872
0.696
0.592
0.984
0.44
0.416
0.532
0.516
0.464
0.5
0.656
0.412
0.752
0.612
0.54
0.612
0.268
0.356
0.128
0.556
0.652
0.528
0.836
0.408
0.136
0.44
0.652
0.956
1.248
0.312
0.536
0.58
0.248
0.256
0.36
0.276
0.612
0.276
0.488
0.8
0.52
0.4
0.828
0.572
0.244
0.34
0.376
0.18
0.444
0.148
0.276
0.28
0.264
0.432
0.308
0.204
0.224
0.4
0.508
0.264
0.276
0.36
0.26
0.688
0.668
1.248
1.248
0.324
0.584
0.572
0.484
0.624
1.248
0.4
0.544
0.612
0.184
0.136
0.688
0.504
1.176
0.236
0.724
0.14
0.16
0.38
0.628
0.228
0.392
0.32
0.332
0.548
0.356
0.188
0.212
0.136
1.248
0.532
0.54
0.676
0.408
0.368
0.228
0.5
0.4
0.612
0.5
0.288
0.596
0.744
0.244
0.296
0.244
0.36
0.432
0.232
0.276
0.616
0.472
0.648
0.208
0.46
0.244
0.796
0.196
0.168
0.788
0.448
0.28
0.736
0.22
0.54
0.432
0.284
0.176
0.376
0.264
1.248
0.336
0.424
1.248
0.812
0.576
0.152
0.712
0.528
0.476
0.3
0.34
1.248
0.164
0.204
0.336
0.204
1.248
0.252
0.54
0.148
0.256
0.412
0.392
0.128
0.632
0.34
0.388
0.88
0.62
0.196
0.316
0.408
0.288
0.58
0.48
0.264
0.58
1.064
0.176
0.248
0.352
0.396
0.52
0.592
0.168
0.276
0.84
0.448
0.392
0.6
1.228
0.528
0.66
0.22
0.308
0.608
0.24
0.168
0.34
0.34
0.596
0.456
0.304
0.948
1.248
0.256
0.324
0.716
0.268
0.484
0.4
0.572
0.272
0.3
0.204
0.376
0.368
0.276
0.248
0.54
0.192
0.212
0.2
0.444
1.248
0.24
0.24
0.388
0.168
0.372
0.364
0.352
0.488
0.564
0.396
0.14
0.68
0.412
0.476
0.848
0.192
0.404
1.248
0.348
0.548
0.292
0.528
0.268
0.172
0.604
0.572
0.392
0.376
0.352
0.652
0.464
0.252
0.676
0.448
0.74
0.544
0.332
0.252
0.396
0.244
0.488
0.336
0.492
1.248
0.32
0.788
0.212
0.28
0.908
0.46
0.264
0.352
0.392
0.208
0.16
0.248
0.732
0.164
0.34
0.452
0.272
0.676
0.616
0.66
0.42
0.356
0.544
0.228
0.496
0.504
0.496
0.3
0.212
0.248
0.256
0.672
0.3
1.248
0.476
0.424
0.684
0.484
0.264
0.408
0.516
0.368
0.168
0.252
0.176
0.536
0.508
0.332
0.468
0.28
0.436
0.576
0.184
0.632
0.152
0.152
0.548
0.144
0.136
0.276
0.188
0.996
0.436
0.3
0.824
0.348
0.448
0.26
0.54
0.336
0.5
0.596
0.728
0.296
0.3
0.492
0.692
0.192
0.316
0.216
0.28
0.38
0.276
0.44
0.236
0.408
0.612
0.34
0.4
0.248
0.152
0.612
0.368
0.764
0.256
0.88
0.516
0.588
0.336
1.248
0.2
0.736
0.568
0.208
0.572
0.496
0.436
0.664
0.308
0.476
0.908
0.388
0.228
0.584
0.232
0.188
0.516
0.336
0.224
0.596
0.608
1.068
0.3
0.404
0.644
0.572
0.416
0.316
0.292
0.216
0.304
0.284
0.404
0.124
0.344
0.304
0.572
0.184
0.276
0.112
0.376
0.416
0.624
0.164
0.384
0.16
0.216
0.472
0.236
0.268
0.432
0.16
0.384
0.868
0.396
0.468
0.116
0.512
0.256
0.348
0.54
0.444
0.932
0.352
0.76
0.416
0.2
0.244
0.144
0.52
0.896
0.492
0.172
0.788
0.328
0.932
0.16
1.044
0.396
0.344
0.44
0.708
1.124
0.92
0.58
0.196
0.688
0.24
0.3
0.2
0.568
0.524
0.488
0.16
0.144
0.56
0.84
0.452
0.392
0.384
0.196
1.248
0.512
0.364
0.652
0.38
1.248
0.504
0.628
0.808
0.3
0.452
0.704
0.572
1.248
0.588
0.2
0.896
0.9
0.284
0.5
0.384
0.236
0.54
0.776
0.66
0.2
0.188
0.336
0.856
0.624
0.476
0.588
0.152
0.276
0.784
0.188
0.296
0.26
0.392
0.276
0.416
0.36
0.284
0.268
0.896
0.22
0.772
0.284
0.328
0.716
0.344
0.608
0.452
1.248
0.22
0.176
0.388
0.364
0.192
0.716
0.156
0.14
0.208
0.252
0.852
0.596
0.264
0.132
0.312
0.62
0.684
0.516
0.28
0.52
0.376
0.336
0.64
0.452
0.456
0.436
0.372
0.424
0.528
0.16
0.388
0.164
0.576
0.256
0.412
0.212
0.396
0.096
0.364
0.74
0.356
0.248
0.256
0.196
0.428
0.392
0.244
0.448
0.352
0.256
0.672
0.2
0.292
0.428
0.56
0.192
0.568
0.388
0.44
0.656
0.296
0.16
0.148
0.356
0.28
0.316
0.284
0.356
0.228
0.224
0.964
0.884
1.248
0.404
0.204
0.244
0.452
0.396
0.252
0.408
0.308
0.544
0.54
0.548
0.428
0.332
0.456
0.244
0.396
0.22
0.78
0.316
0.9
0.32
0.484
0.216
0.392
0.8
0.472
0.348
0.48
0.624
0.38
0.488
0.128
0.3
0.24
0.32
0.248
0.22
0.176
0.312
0.356
0.372
0.388
0.476
0.392
0.604
0.672
0.204
0.268
0.524
0.516
0.236
0.328
0.248
0.388
0.276
0.372
0.76
0.512
0.36
0.392
0.228
0.32
0.396
0.516
0.672
0.4
0.628
0.216
0.244
0.624
0.716
0.532
0.612
0.196
0.224
0.444
0.676
0.524
0.532
0.572
0.432
0.384
0.14
0.452
0.236
0.484
0.184
0.348
0.176
0.28
0.46
0.34
0.484
0.22
0.4
0.272
0.436
0.592
0.272
0.204
0.328
0.224
0.428
0.484
0.504
0.76
0.968
0.3
0.436
0.544
0.316
0.24
0.616
0.608
0.152
1.248
0.604
0.38
0.408
1.248
0.34
0.544
0.46
0.496
0.268
0.432
0.288
1.248
0.348
0.284
0.12
0.24
0.376
0.572
0.604
0.34
0.908
0.428
0.736
0.944
0.788
0.204
0.4
0.652
0.348
0.268
0.464
0.732
0.744
0.336
1.248
0.256
0.508
0.316
0.264
0.276
0.268
0.388
0.44
1.1
1.028
0.308
0.252
0.128
0.636
0.28
0.452
0.208
0.264
0.564
0.344
0.368
1.248
0.712
0.36
0.568
1.248
0.396
0.336
0.544
0.292
0.66
0.32
0.444
0.248
0.264
0.668
0.412
0.664
0.996
0.464
0.584
0.64
0.52
1.248
0.2
0.168
0.576
