0.5275
0.4275
0.8355
0.1255
0.9585
0.4515
0.9105
0.2525
0.3335
0.5815
0.3745
0.2645
0.5065
0.5745
0.7325
0.1845
0.2305
0.3795
0.6885
0.6955
0.5575
0.9575
0.4305
0.1095
0.1985
0.2345
0.3195
0.3735
0.2915
0.7415
0.3865
1.4995
0.4815
0.7585
0.2205
0.5815
0.6635
0.1905
0.1945
0.4375
0.6415
0.5895
0.3705
0.4085
0.3285
0.3305
0.2275
0.6715
0.4845
0.5565
0.1225
0.8155
0.4245
0.2725
0.2295
0.3265
0.5475
0.2015
0.3205
0.2255
0.7765
0.3135
0.4685
1.0125
0.2025
0.9105
0.4115
0.5335
0.3715
0.2815
1.0135
0.2425
0.1895
1.4995
0.2495
0.2465
0.3665
1.2505
0.6415
0.4005
0.2375
0.2915
0.1545
0.2615
0.2165
0.2445
0.4645
0.3585
0.9065
0.9185
0.1975
0.9005
0.5185
0.9705
0.2365
0.1995
0.4715
0.2045
0.5625
0.1505
0.8895
0.2155
0.2565
0.7365
1.1885
0.1775
0.1945
0.3355
0.3225
0.5675
0.2285
0.1675
1.0415
0.1875
0.6865
0.5685
0.3065
0.7125
0.4175
0.2505
0.4115
0.1425
0.9695
0.5245
0.3285
0.1755
0.3765
0.2865
0.3955
0.8895
0.1735
1.0115
0.3005
0.5525
0.4895
0.6755
0.3055
0.7665
0.2575
0.3215
0.7645
0.8475
0.3185
0.3145
0.2985
0.2635
0.2645
0.1795
0.2575
0.2765
0.2545
0.3255
0.2475
0.5755
0.4135
0.5845
0.8755
0.3065
0.3545
0.5675
0.4875
0.5105
0.6785
0.4185
0.7785
0.2115
0.3545
0.7115
0.5215
0.1935
0.0915
1.2395
0.3255
0.4945
0.2515
0.2845
0.1535
0.3775
0.4235
0.3755
0.2045
0.1765
0.1855
0.6785
0.2625
0.5205
0.2425
0.4335
0.1175
0.6065
0.1915
0.5315
0.3815
0.1075
0.5465
0.4475
0.2695
0.3385
0.5955
0.2245
1.1985
0.5455
0.2195
0.3775
0.4145
0.5355
0.2085
0.4275
1.0785
0.4485
0.5345
0.4675
0.4995
0.2425
0.2655
0.4325
0.3985
0.2065
0.5975
0.2175
0.4225
0.1605
0.2365
0.5495
0.3655
0.1825
0.7075
0.5275
0.2865
1.2535
0.1885
0.2925
0.9505
0.9355
0.1685
0.3605
0.5715
1.0255
0.5205
0.2335
1.0065
0.2815
0.4105
0.5725
0.5335
0.3095
0.4585
0.0955
0.5075
0.2675
0.3015
0.2715
0.5035
0.3605
0.6575
0.6805
0.4755
0.5305
0.8935
0.4415
1.1975
0.2915
0.2275
0.5765
0.2095
0.6135
0.3555
0.2645
0.7275
0.4315
0.6345
0.5485
0.4765
1.0815
0.7535
0.5305
0.8285
0.4175
1.0545
0.3465
0.4305
0.4025
0.3945
1.0405
0.1005
0.3185
0.3325
0.2785
0.1675
0.1285
0.4535
0.2475
0.1375
0.4925
0.3375
0.5595
0.6265
0.4575
0.9705
0.3315
0.6385
0.1745
0.1055
0.1385
0.2925
0.1705
0.4015
0.1125
0.3375
0.4285
0.3225
0.2775
0.3335
0.4175
0.4915
0.4795
0.3735
0.6755
0.4905
0.4495
0.1305
0.2675
0.6655
0.5415
0.2195
0.2105
0.1685
0.3945
0.4285
0.3085
0.3115
0.2905
0.6355
0.2265
0.4945
0.7495
0.5845
0.5915
0.6385
0.2625
0.2305
0.7625
0.5295
0.3345
0.3965
0.6125
1.2655
0.3835
0.5725
0.4275
0.2455
0.8405
0.2315
0.5535
0.3725
0.3125
0.3075
0.1915
0.3845
0.4175
0.2875
0.5485
0.6115
0.3135
0.3585
0.9525
0.2385
0.4015
0.2065
0.2545
0.5215
0.3435
0.4185
0.3055
0.2155
0.3605
0.3275
0.5245
0.4035
0.2935
0.3405
0.3365
0.2135
0.3365
0.3485
0.5385
0.2475
0.4765
0.1805
0.3905
0.1945
0.6585
0.8195
0.2745
0.2335
0.4125
0.7535
0.4685
0.1955
0.2855
0.4395
0.4585
0.2955
0.2435
0.6625
0.3305
0.2975
0.2635
0.3395
0.2145
0.8535
0.3515
0.5225
0.3715
0.2805
0.6535
0.2135
0.1905
1.2445
0.1485
0.2565
0.5545
0.2265
0.1615
0.5375
0.4535
0.2545
0.3855
0.4195
0.4645
0.8545
0.5425
0.7385
0.1975
0.5175
0.2715
0.4015
0.6845
0.5695
0.3855
0.2245
0.1655
0.3855
1.0535
0.8485
0.5515
0.3595
0.6425
0.4495
0.1555
0.4305
0.3055
0.4425
1.4995
0.2605
0.1475
0.1905
0.4675
0.5225
0.1275
0.8715
0.5255
0.1765
0.1455
1.4995
1.4995
0.2625
0.3635
0.5285
0.5825
0.4875
0.2565
0.1615
0.4675
0.4505
0.2505
0.2735
0.3385
1.1765
0.3665
0.4475
0.7075
0.5275
0.3885
0.5395
0.7735
0.7265
0.5655
0.2725
0.3395
0.3445
0.2205
0.6545
0.6485
0.4995
0.2745
0.7685
0.7435
0.3775
0.4955
0.8495
0.3335
0.4485
0.4015
0.6745
0.4875
0.2425
0.7805
0.6665
0.6875
1.1435
0.1955
0.3605
0.1235
0.3055
0.1505
0.2615
0.4445
1.4995
0.8335
0.2405
0.2865
0.2605
0.3485
0.3735
0.3905
0.3815
0.2645
0.5235
0.4065
0.1465
0.1775
0.7715
0.1805
0.7225
0.6175
0.4765
0.3375
0.6565
0.5295
0.8215
0.7265
0.4625
0.3705
0.2615
0.3125
0.5425
0.3785
0.2495
0.3165
0.4665
1.0745
0.1855
0.2195
0.7155
0.5725
0.4125
0.3235
0.4855
0.3035
0.5465
0.4925
0.5825
1.4995
0.2595
0.1795
0.3835
0.2525
0.3795
0.4635
0.3205
1.0685
0.8165
0.6235
0.3985
0.3715
1.0335
0.2795
0.7195
0.2315
0.1885
0.3295
0.3445
0.2635
0.7355
0.5665
0.2655
0.2165
0.4075
0.3815
0.5735
1.0275
0.7415
0.3335
0.4325
0.2365
0.3965
0.3725
0.5445
0.5515
0.2785
0.5045
0.8155
0.1385
0.3555
0.2215
0.1815
0.3465
1.4995
0.3045
0.7945
0.6675
0.2815
0.5545
0.6805
0.8565
0.7895
0.5055
0.3785
0.1505
0.4435
1.1635
0.3735
0.3845
0.3965
0.4365
0.6435
0.3225
0.3195
0.4775
0.2465
0.6055
0.1555
0.6815
0.4865
0.2675
0.4255
1.4585
0.3685
0.3955
0.5675
0.7475
0.3095
0.8995
0.2915
0.6145
0.3835
0.2545
0.1295
0.3185
0.7915
0.3515
0.3575
0.6955
0.3515
0.1935
0.4435
0.3595
0.8145
0.4415
0.5805
0.1905
0.3935
0.4345
0.6845
0.7135
0.2615
0.3085
0.6025
0.2905
0.3155
1.1455
0.2485
0.1455
0.7725
0.4525
0.3635
0.6905
0.2295
0.5085
0.7935
0.3325
0.5995
0.4825
0.3615
0.3185
0.2455
0.2925
1.0175
0.2825
0.4785
0.1675
0.6825
0.3225
0.1625
0.2525
0.5285
0.9345
0.6465
0.5385
0.5705
0.7805
0.1925
0.4125
0.1395
0.4585
0.7325
0.5125
0.3595
0.5415
0.3905
0.3435
0.4315
0.3885
0.2805
0.5765
1.1005
0.5305
0.2175
0.5175
0.2885
0.4565
0.3775
0.4685
0.4305
0.3225
0.6355
0.5865
0.4345
0.3085
0.6305
0.5145
0.6545
0.6645
0.6615
0.6295
0.3545
1.1145
0.7085
0.4045
0.6695
0.1955
0.3555
0.2635
0.3215
0.1145
0.7405
0.3155
0.2885
0.5395
0.1675
0.3645
0.4235
0.4705
0.3565
0.2175
0.2215
0.5215
0.1975
0.2875
0.5495
0.2235
0.4155
0.1955
0.1555
0.5945
0.7305
0.2635
0.5255
0.3545
0.3535
0.1735
0.4905
0.4455
0.5095
0.4435
0.6665
0.2685
0.2885
0.1595
0.1745
0.5735
0.4835
0.9565
0.6025
0.2505
0.4725
0.3595
0.5725
0.2385
0.3725
0.3025
0.7595
0.2625
0.4855
0.4735
0.2235
0.5565
0.7765
0.2175
0.2165
0.5225
0.1325
0.1745
0.4505
0.2695
0.4235
0.5945
0.3035
0.5545
0.2805
0.6605
0.2985
0.3195
0.4095
0.3865
0.1695
0.1265
0.2845
0.4015
0.2275
0.3365
0.4685
0.2585
0.2125
0.4005
0.2385
1.0815
0.3895
0.3005
0.3235
0.3395
0.5685
0.2215
0.2915
0.3735
0.6715
0.6195
0.5445
0.1475
0.6345
0.3645
0.1965
0.5065
0.1985
1.2725
0.7005
0.1925
0.2295
0.2835
0.2125
0.4475
0.4145
0.2525
0.5065
0.1185
0.5315
0.3935
0.3635
0.2215
0.3475
0.1185
0.4015
0.6115
0.1465
0.2975
0.4365
1.0595
0.5465
0.8995
1.4995
0.5445
0.3665
0.2255
0.5835
0.1195
0.8565
0.1765
0.1775
0.7155
0.3155
0.3755
0.5915
0.4985
0.4695
0.6435
0.3585
0.3695
0.2205
0.8535
0.2565
0.5525
0.2075
0.2975
0.4015
0.3665
0.6005
0.8385
0.4635
0.7235
0.2845
0.3825
0.4145
0.6235
0.6965
0.1685
0.1905
1.0945
0.4215
0.7165
0.2885
0.1575
0.5965
0.4405
0.2655
0.6195
0.6245
0.3905
0.1755
0.3315
0.3015
0.4855
0.3625
0.1025
0.9785
0.4125
0.4865
0.2705
0.2085
0.2375
0.3755
0.3905
0.4665
0.7095
0.7295
0.2535
0.7605
0.4115
0.1645
1.3465
0.2455
0.5995
0.4225
1.0355
0.2315
0.3585
0.6135
0.4045
0.6795
0.2405
0.3165
0.5185
0.5405
1.4015
0.3925
0.2795
0.2845
0.3775
0.6045
0.2725
0.1625
0.3825
0.9585
0.5475
0.7435
0.2615
0.5615
0.3845
0.5385
0.2145
0.2835
0.3215
0.7795
0.3775
0.2235
0.2275
1.0485
0.5795
0.2745
0.2915
0.3435
0.2205
1.0355
0.2235
0.3185
0.6475
0.2685
0.4265
0.4355
0.3295
0.4725
0.3915
0.6215
0.1895
0.2105
0.9245
0.1195
0.2995
0.3225
0.4105
