0.4815
0.1875
0.6185
0.5435
0.1445
0.2355
0.2845
0.2985
0.4445
0.3885
0.1145
0.4415
0.3285
0.2535
0.3535
0.4595
0.2405
0.3785
0.2425
0.4105
0.2375
0.4055
1.0865
0.4535
0.2215
0.2565
0.3295
1.0665
0.2825
0.2435
0.4655
0.3735
0.3355
0.2475
0.1885
0.3905
0.4855
0.3385
0.3835
0.1255
0.2655
0.3065
0.2205
0.3995
0.3465
0.3095
0.2595
0.1945
0.1445
0.3985
0.1815
0.4365
0.4035
1.0995
0.2965
0.2965
0.3975
0.3835
0.3335
0.3205
0.1405
0.9505
0.4205
0.3585
0.1785
0.2555
0.4665
0.3135
0.1975
0.1935
0.5785
0.5805
0.8965
0.1345
0.1495
0.5185
0.4175
0.3215
0.4575
0.2325
0.6625
0.3975
0.1715
0.2225
1.2425
0.1665
0.2995
0.2995
0.3955
0.8235
0.3525
0.1595
0.7075
0.1745
0.4305
0.3145
0.9315
0.3365
0.2225
0.4355
0.7245
0.4865
0.4835
0.3185
0.7335
0.4515
0.3795
0.3515
0.4385
0.3725
0.4225
0.5475
0.1825
0.6975
0.1435
0.3605
0.8195
0.1795
0.1435
0.2765
0.5675
0.4445
0.2695
0.1815
1.2925
0.3165
0.2415
0.3365
0.8205
0.5775
0.2965
0.3045
0.0995
0.3595
0.2635
0.3595
1.1975
0.7155
0.2905
0.2355
0.2145
0.4235
0.4935
1.0615
0.4175
0.2285
0.2945
0.7235
0.3035
0.3275
0.2415
0.2915
0.4305
0.6165
0.4185
0.4775
0.5045
0.4395
0.2375
0.2165
0.2795
0.3865
0.2625
0.2705
0.3915
0.3615
0.4655
0.7355
0.3645
0.3775
0.2055
0.4095
0.0935
0.5805
0.3225
0.2425
0.5315
0.3645
0.5145
0.1285
0.4955
0.2945
0.2065
0.4095
0.4895
0.4835
0.3035
0.3905
0.2545
0.5065
0.2245
0.4175
0.6225
0.3515
0.8405
0.5015
0.9985
0.4675
0.8085
0.2595
0.8335
0.2685
1.2575
0.4985
0.6115
0.3175
0.1495
0.5195
0.5045
0.5575
0.2875
0.4105
1.6195
0.3915
0.8945
0.2875
0.2935
0.2615
0.5785
0.5975
0.8135
0.3385
0.4585
0.9265
0.2985
0.4905
0.2985
0.2005
0.3415
0.4465
0.3155
0.9405
0.6165
0.4805
0.2245
0.6415
0.3775
0.1865
0.6185
0.4025
0.6675
0.8715
0.2975
0.9015
0.2705
0.2075
0.2705
0.1435
0.2675
0.3215
0.1835
0.7025
0.4035
0.3995
0.3465
0.2035
0.2455
0.4375
0.1325
0.3295
0.5185
0.4515
1.0165
0.3655
0.2935
0.6715
0.4185
0.8415
0.4315
0.9135
0.4045
0.6535
0.2435
0.3615
0.2995
0.1945
0.2615
0.7165
0.1985
0.2195
0.1865
0.3735
0.3665
0.3985
0.5535
0.4905
0.4235
0.1845
0.3645
0.1505
0.2695
0.6655
0.4295
0.6915
0.7705
0.1385
1.0915
0.3215
0.4415
0.4375
0.3715
0.8115
0.3865
0.2845
0.1915
0.2105
0.2295
0.8195
1.1215
1.2095
0.4355
0.5215
0.4985
0.1955
0.2875
0.2295
0.2605
0.3985
0.5545
0.4265
0.1345
0.3635
0.3295
0.4475
0.5255
0.3135
0.3115
0.6925
1.1435
0.3155
0.2195
0.2535
0.7335
0.2025
0.1575
0.4825
0.9045
0.3265
0.5095
0.3645
0.6885
0.3775
0.6875
1.1235
0.3255
0.7845
0.2135
0.1955
1.4625
0.3815
0.1355
0.4135
0.3345
0.5105
0.2985
0.4525
0.2875
0.3955
1.2025
0.2305
0.2545
0.5085
0.6495
0.7055
0.2435
0.2025
0.3645
0.3375
0.6425
0.5025
0.4145
0.1825
0.5435
0.1585
0.1845
0.2515
0.3895
0.3845
0.0875
0.6515
0.5655
0.4515
0.3055
0.4445
0.1215
0.2715
0.5645
0.9315
0.1595
0.2195
0.6985
0.6295
0.1785
0.5745
0.7845
0.3375
0.3915
0.5705
0.2925
0.4185
0.4095
0.4325
0.2535
0.3675
0.2495
0.7105
0.4355
0.2455
0.4175
0.2695
0.1425
0.2065
0.3125
0.5675
0.1535
0.5315
0.2985
0.3065
0.2285
0.3645
0.2825
0.5705
0.1285
0.2695
0.6285
0.3435
0.3115
0.5985
0.3385
0.2965
0.1315
0.2845
0.3765
0.4225
0.2955
0.4795
0.6965
0.2055
0.7295
0.4445
0.9795
0.2825
0.3335
0.1275
0.3365
0.7925
0.3755
0.2575
0.6915
0.2255
0.2185
0.2485
0.1845
0.3575
0.2655
0.5225
0.5155
0.5055
0.4675
0.9635
0.2635
0.2395
0.8575
0.2095
0.4095
0.3795
0.2965
0.3645
0.5495
0.2665
0.2145
0.4915
0.4745
1.2165
0.4685
0.1795
1.4355
0.3385
0.1625
0.1845
0.2815
0.3955
0.3795
0.3805
0.2815
0.4355
0.3225
0.4105
0.5025
1.1205
0.3095
0.4965
0.5555
0.2465
0.8905
0.3915
0.4815
0.2125
0.5385
0.4455
0.2455
0.7545
0.6245
0.3735
0.1115
0.3515
1.4575
0.9055
0.2795
0.6075
0.2355
0.3105
0.3165
0.5075
0.1825
0.3715
0.9685
0.6175
0.1075
0.4185
0.2545
0.6875
0.5695
0.8725
0.5905
0.3615
0.2105
0.2225
0.2045
0.8665
0.5665
0.3765
0.1615
0.2695
0.1375
0.6985
0.1935
0.2875
0.3145
0.6375
0.3705
0.4515
0.1595
0.4265
0.4015
0.1775
0.3945
0.2015
0.2955
0.4175
0.6005
0.3515
1.0785
0.4795
0.3535
0.1745
0.2445
0.2225
0.4835
0.2315
0.4115
0.2515
0.6205
0.3945
0.2575
0.3245
0.2515
0.3155
0.3425
0.2915
0.6625
0.7905
0.6935
0.4345
0.2005
0.8535
0.5135
0.2215
0.5405
0.4425
0.2305
0.3855
0.1925
0.4115
0.4525
0.1505
0.7285
0.7435
0.5145
0.2485
0.6135
0.2195
0.4015
0.4325
0.6165
0.5145
0.1435
0.1845
0.1495
0.3705
0.3515
0.3015
0.7085
0.3075
0.3105
0.5555
0.3125
0.4685
0.5065
0.4695
0.8875
0.7565
1.2685
0.1255
0.6375
0.4805
0.3175
0.5175
0.1475
0.5155
0.2135
0.1985
0.7645
0.6785
0.4675
0.3025
0.2155
0.5135
0.4265
0.2695
0.8265
0.6565
0.3295
0.1935
0.3455
0.2115
0.7775
0.1975
0.1125
0.4965
0.1135
0.3065
0.2015
0.1505
1.1405
0.1885
0.3555
0.1295
0.2665
0.3535
0.2345
0.1625
0.5235
0.2945
0.4595
0.2155
0.2165
0.3365
1.1605
0.2735
0.2655
0.2565
0.2285
0.5185
0.6035
0.7725
0.7525
0.4175
0.3905
0.4185
0.2205
0.5075
0.1735
0.3355
0.2115
0.4455
0.2045
0.1985
0.3655
0.1435
0.6285
1.1275
0.2215
0.2575
0.3515
0.6655
0.7585
0.3525
0.3285
0.4535
0.2255
0.4005
0.3895
0.2585
0.5625
0.3355
0.2125
0.4925
0.4905
0.3405
0.1405
0.2815
0.3625
0.3885
0.4835
0.3435
0.5305
0.4935
1.5535
1.2565
0.2385
0.3385
0.3435
0.7665
0.2425
1.0045
0.5875
0.6675
0.5235
0.2975
0.4965
0.3025
0.8155
0.4585
0.1055
0.1985
0.2855
0.7585
0.2785
0.6815
0.5375
0.1795
0.3085
0.4775
0.2295
0.2375
0.1935
0.5345
0.2675
0.2575
0.2745
0.3225
0.2375
0.1835
0.3575
0.3925
0.3175
0.4125
0.4415
0.3175
0.3915
0.5735
0.7015
0.1905
0.5505
1.3015
0.6305
0.5195
0.1255
0.3285
0.5525
0.6595
0.5765
0.3355
0.8485
0.1395
0.4215
0.2065
1.0625
0.3295
0.6915
0.4615
0.3025
0.5285
0.4115
0.5435
0.5085
0.2395
0.4985
0.1825
0.8705
0.1905
0.3125
0.9135
0.3635
0.2655
0.2615
0.4015
0.1965
0.7605
1.8105
0.1775
0.2955
0.4475
0.6995
0.1725
0.5175
0.1845
0.2695
0.1455
0.1765
0.3495
0.4695
0.6805
0.5135
0.1885
0.4555
0.3255
0.4205
0.1455
0.7465
0.1945
0.5815
0.4295
0.7475
0.1935
0.3135
0.8385
0.6935
0.2455
0.3095
0.1775
0.3095
0.2455
0.7305
0.2415
0.3505
0.1475
0.2605
0.3525
0.5975
0.1855
0.3235
1.0585
1.1695
0.4715
0.2285
0.4935
0.4495
0.3335
0.1825
0.2235
0.1915
0.3595
0.3275
0.3715
0.2635
0.5205
0.6445
0.3195
0.2475
0.2105
0.1535
0.1845
0.3415
0.1915
0.3225
0.3825
0.4035
0.3065
0.3805
0.2015
0.1105
0.2415
0.2655
0.3005
0.2915
0.1845
0.2785
0.2885
0.6755
0.2775
0.2555
0.1365
0.5165
0.4415
0.1335
0.3205
0.2635
0.9265
0.4275
0.3675
0.4625
0.2615
0.2195
0.2355
0.5575
0.8135
0.8915
0.4025
0.9355
0.2525
0.9365
0.5295
0.5575
0.3825
0.1475
0.1985
0.3095
0.5755
0.2575
0.2645
0.4485
0.3295
0.4665
0.8545
0.4785
1.0545
0.4765
0.2905
0.3955
0.2465
0.2895
0.3345
0.1715
0.6275
0.4575
0.3505
0.2885
0.2995
0.6275
0.2835
0.5655
0.3995
0.6825
0.6795
0.5855
1.1325
0.2485
0.3045
0.2935
0.7395
0.2015
0.5765
0.1895
0.2275
0.2975
0.7075
0.8265
0.4375
0.4545
0.4295
0.4085
0.4485
0.9795
0.6875
0.2525
0.5675
0.3485
0.5855
0.9845
0.3835
0.7195
0.1955
0.4075
0.2055
0.4125
0.1045
0.4175
0.2565
0.4275
0.5235
0.2355
0.2615
0.3685
0.1855
0.5135
0.4595
0.1795
0.5705
0.3235
0.1515
0.9355
0.6835
0.5995
0.3005
0.2555
0.3275
0.3265
0.6605
0.5275
0.7355
0.3925
0.3235
0.7725
0.3795
0.2315
0.2695
0.7915
0.4425
0.2495
0.1725
0.3185
0.3545
0.1085
0.6285
0.4465
0.4175
0.2305
0.6365
