0.314
0.342
0.362
0.402
0.198
0.61
0.602
0.278
0.718
0.562
0.29
0.61
0.294
1.158
0.446
0.242
0.414
0.286
0.354
0.562
0.394
0.338
0.61
1.314
0.302
0.786
0.226
0.39
0.322
0.678
0.534
0.346
0.322
0.294
0.134
0.39
0.538
0.514
0.43
0.346
0.454
0.422
0.254
0.542
0.298
0.518
0.374
0.586
0.342
0.318
0.53
0.454
0.518
0.55
0.698
0.386
0.186
0.25
0.318
0.598
0.218
0.51
0.254
0.226
0.402
0.318
0.362
0.754
0.334
0.178
0.302
0.654
0.386
0.658
0.234
0.578
0.15
0.234
0.482
0.934
0.222
0.326
0.21
0.854
0.146
0.33
0.186
0.258
0.218
0.202
0.178
0.382
0.874
0.438
0.19
0.442
0.594
0.394
0.394
0.466
0.386
0.294
0.294
0.59
0.49
0.41
0.27
0.75
0.354
0.422
0.222
0.35
0.446
0.45
0.366
1.11
0.178
0.27
0.846
0.166
0.466
1.014
0.358
0.394
0.27
0.406
0.87
0.318
0.654
0.254
0.298
0.934
0.406
0.334
0.102
0.542
0.334
0.994
0.43
0.166
0.358
0.23
0.246
0.854
0.394
0.158
0.998
0.35
0.422
0.302
0.77
0.654
0.65
0.786
0.29
0.694
0.25
0.382
0.41
0.734
0.494
0.23
1.174
0.898
0.45
0.718
0.218
0.474
0.958
0.162
0.386
0.478
0.166
0.214
0.23
0.138
0.334
0.15
0.494
0.31
0.302
0.442
0.458
0.45
0.242
0.266
0.158
0.454
0.274
0.37
0.398
0.374
0.23
0.494
0.542
0.498
0.954
0.278
0.418
0.358
0.542
0.238
0.25
0.562
0.246
0.398
0.35
0.294
0.206
0.19
0.518
0.338
0.194
0.586
0.438
0.234
0.442
0.494
0.614
0.422
0.442
0.298
0.486
0.522
0.286
0.374
0.578
0.218
0.342
0.378
0.218
0.742
0.35
0.246
0.338
0.318
0.442
0.522
0.41
0.71
0.39
0.858
0.334
0.686
0.474
0.51
0.514
0.09
0.202
0.37
0.25
0.278
0.182
0.51
0.662
0.35
0.982
0.766
0.558
0.81
0.542
0.574
0.314
0.606
0.35
0.298
0.282
0.106
0.178
0.358
0.438
0.166
0.658
0.518
0.114
0.414
0.674
0.57
0.266
0.514
0.386
0.202
0.686
0.37
0.614
0.13
0.57
0.618
0.31
0.318
1.27
0.39
0.55
0.43
0.434
0.286
0.698
0.262
0.714
0.374
0.262
0.51
0.43
0.75
0.274
0.17
0.222
0.202
0.318
0.742
0.33
0.494
0.246
1.694
0.49
0.174
0.318
0.478
0.37
0.686
0.722
0.69
0.218
1.042
0.55
0.198
0.378
0.374
0.194
0.69
0.25
0.314
0.634
0.25
0.286
0.698
0.266
0.494
0.418
0.258
0.43
0.302
0.222
0.178
0.382
1.038
0.362
0.154
0.274
0.262
0.37
0.21
0.426
0.242
0.41
0.71
0.262
0.706
0.318
0.25
0.35
0.314
0.566
1.238
0.19
0.238
0.578
0.298
0.57
0.342
0.238
0.318
0.718
0.186
0.486
0.494
0.41
0.382
0.398
0.306
0.302
0.782
0.542
0.546
0.306
0.922
0.358
0.862
0.59
0.214
0.354
0.382
0.398
0.522
0.246
0.67
0.542
0.642
0.294
0.258
0.138
0.258
0.774
0.438
0.338
0.558
0.206
0.498
0.358
0.71
0.314
0.302
0.326
0.45
0.482
0.222
0.222
0.234
0.338
0.39
1.042
0.574
0.194
0.378
0.686
0.462
0.454
0.322
0.398
0.134
0.17
0.322
0.442
0.154
0.15
0.398
0.366
0.474
0.374
0.538
0.642
0.626
0.418
0.206
0.878
0.658
0.27
0.322
0.578
0.87
0.178
0.454
0.222
0.578
0.682
0.726
0.402
0.662
0.894
0.294
0.162
0.498
0.45
0.33
0.214
0.226
0.334
0.182
0.17
0.674
0.55
0.362
0.114
0.786
0.234
0.314
0.29
0.258
0.546
0.274
0.63
0.686
0.562
0.278
0.682
0.786
0.47
0.218
0.342
0.346
0.306
0.274
0.498
0.246
0.314
0.298
0.574
0.394
0.274
0.17
0.846
0.33
0.198
0.354
0.51
0.33
0.15
0.83
0.294
0.702
0.354
0.126
0.502
0.382
0.634
0.206
0.298
0.546
0.65
0.326
0.254
0.266
0.11
0.774
0.55
0.358
1.534
0.858
0.578
0.39
0.582
0.166
0.506
0.342
0.226
0.298
0.466
0.402
0.242
0.146
0.662
0.33
0.286
0.386
0.306
0.242
0.338
0.362
0.698
0.318
0.646
0.166
0.266
0.694
0.294
0.602
0.29
0.242
0.554
0.206
0.414
0.462
0.282
0.534
0.262
0.482
0.366
0.434
0.43
0.346
0.346
0.222
0.75
0.702
1.242
0.162
0.97
0.57
0.798
0.534
0.374
0.95
0.446
0.594
1.162
0.178
0.594
0.342
0.83
0.262
0.282
0.938
0.69
0.25
0.494
0.21
0.418
0.234
0.314
0.322
0.214
0.378
0.502
0.122
0.198
0.622
0.818
0.562
0.27
0.206
0.234
0.382
0.194
1.118
0.418
0.494
0.33
0.754
0.202
0.762
0.578
0.566
0.314
0.274
0.434
0.666
0.886
0.226
0.402
0.578
0.47
0.59
0.522
0.874
0.57
0.358
0.482
0.434
1.202
0.294
0.606
0.454
0.33
0.306
0.878
0.71
0.518
0.174
1.65
0.226
0.294
0.17
0.354
0.29
0.286
0.194
0.302
0.21
1.07
0.31
0.226
0.19
0.218
0.17
0.85
0.418
0.358
1.174
0.35
0.918
0.21
0.246
0.122
0.394
0.598
0.35
0.362
0.398
1.134
0.658
1.19
0.318
0.238
0.558
0.406
0.638
0.242
0.362
1.014
0.162
0.202
0.146
0.294
0.394
0.23
0.238
0.266
0.258
0.606
0.534
0.25
0.178
0.266
0.138
0.222
0.45
0.79
0.41
0.79
0.574
0.282
0.342
0.25
0.566
0.454
1.114
0.862
0.522
0.138
0.222
0.246
0.31
0.574
0.298
0.478
0.162
0.114
0.514
0.698
0.802
0.47
0.302
0.262
0.382
0.542
0.454
0.282
0.238
0.978
0.37
0.11
0.626
0.462
0.21
0.49
0.438
0.49
0.422
0.142
0.306
0.158
0.166
0.314
0.686
0.29
0.622
0.678
0.354
0.318
0.21
0.502
0.39
0.514
0.526
0.318
0.362
0.394
0.358
0.766
0.166
0.866
0.226
0.746
0.406
0.682
0.294
0.29
0.198
0.558
0.318
0.262
1.222
0.114
0.13
0.19
0.63
0.39
0.366
0.286
0.202
0.582
0.97
0.754
0.342
0.53
0.322
0.206
0.526
0.598
0.718
0.322
0.594
0.562
0.27
0.13
0.302
0.398
0.182
0.374
0.35
0.222
0.386
1.022
0.278
0.37
0.478
0.474
1.006
0.73
0.362
0.478
0.502
0.526
0.33
0.51
0.142
0.174
0.386
0.77
0.318
0.47
0.518
0.322
0.486
0.15
0.298
0.31
0.334
0.166
0.366
0.206
0.338
0.222
0.354
0.146
0.614
0.31
0.214
0.846
0.642
0.89
0.69
0.43
0.41
0.282
0.25
0.514
0.41
0.574
0.146
0.354
0.45
0.17
0.278
0.318
0.374
0.182
0.17
0.626
0.214
0.522
0.85
0.246
0.23
0.518
0.278
0.222
0.306
0.122
0.238
0.298
0.286
0.25
0.186
0.446
0.682
0.654
0.102
0.63
0.214
0.294
0.458
0.442
0.158
0.134
0.622
0.258
0.246
0.25
0.674
0.63
0.542
0.426
0.418
0.43
0.222
0.166
0.358
0.386
0.646
0.214
0.638
0.93
0.722
0.138
0.218
0.29
0.318
0.746
0.662
0.146
0.326
0.69
0.302
0.154
0.698
0.646
0.33
0.638
0.334
0.67
0.118
0.45
0.33
0.362
0.262
0.322
0.39
0.594
0.502
0.226
0.382
0.294
0.122
0.61
0.166
0.162
0.43
0.718
0.302
0.254
0.346
0.266
0.778
0.514
0.53
0.47
0.606
0.266
0.434
0.262
0.306
0.35
1.186
0.286
0.182
0.754
0.278
0.178
0.438
0.454
0.27
0.39
0.174
0.518
0.51
0.602
0.378
0.23
0.29
0.946
0.106
0.514
0.118
1.002
0.834
0.482
0.986
0.318
0.294
0.322
0.63
0.414
0.454
0.266
0.49
0.326
0.646
0.458
0.35
